t_sec,FHR,UC
0.0,135.5,33.0
0.25,134.5,34.0
0.5,134.5,34.0
0.75,133.0,34.5
1.0,133.0,33.0
1.25,133.25,32.5
1.5,133.25,31.0
1.75,134.25,31.0
2.0,134.25,31.0
2.25,133.5,31.0
2.5,133.5,31.5
2.75,133.5,31.5
3.0,132.75,31.5
3.25,132.75,31.0
3.5,132.75,30.5
3.75,132.75,31.0
4.0,132.75,31.5
4.25,132.75,32.0
4.5,132.25,33.0
4.75,134.5,33.5
5.0,134.5,32.5
5.25,133.0,31.5
5.5,133.0,31.5
5.75,131.5,33.5
6.0,131.5,34.0
6.25,133.0,34.5
6.5,133.0,33.5
6.75,132.75,33.0
7.0,131.75,34.0
7.25,131.75,32.0
7.5,133.25,32.0
7.75,133.25,32.5
8.0,133.5,32.0
8.25,133.5,31.5
8.5,133.5,32.5
8.75,133.5,35.0
9.0,134.25,34.5
9.25,134.0,31.0
9.5,134.0,31.0
9.75,133.75,31.5
10.0,133.75,32.5
10.25,134.5,33.0
10.5,134.5,32.5
10.75,135.75,31.5
11.0,135.75,32.5
11.25,135.5,31.5
11.5,134.75,32.0
11.75,134.75,33.0
12.0,134.25,31.5
12.25,134.25,32.0
12.5,134.25,33.0
12.75,134.25,29.5
13.0,133.75,31.5
13.25,133.75,34.0
13.5,133.75,34.5
13.75,135.25,34.5
14.0,135.25,33.0
14.25,135.75,33.5
14.5,135.75,32.5
14.75,134.5,33.5
15.0,134.5,36.0
15.25,134.75,36.0
15.5,135.25,34.0
15.75,135.25,33.0
16.0,135.0,33.5
16.25,135.0,33.5
16.5,135.25,33.0
16.75,135.25,34.5
17.0,135.5,33.0
17.25,136.0,32.5
17.5,136.0,31.5
17.75,136.75,32.0
18.0,136.75,33.0
18.25,136.75,34.0
18.5,136.75,34.0
18.75,136.0,35.0
19.0,137.0,35.0
19.25,137.0,35.5
19.5,135.5,35.5
19.75,135.5,35.5
20.0,132.75,35.0
20.25,132.75,34.5
20.5,134.75,34.5
20.75,134.75,33.5
21.0,132.0,32.0
21.25,129.0,30.5
21.5,129.0,29.5
21.75,130.25,29.5
22.0,130.25,29.0
22.25,131.25,30.5
22.5,131.25,32.0
22.75,133.0,32.0
23.0,133.0,31.5
23.25,133.5,32.0
23.5,133.5,33.0
23.75,133.75,33.0
24.0,133.25,33.5
24.25,133.25,34.0
24.5,134.0,34.5
24.75,134.0,34.0
25.0,134.25,33.0
25.25,134.25,34.0
25.5,135.0,33.5
25.75,134.75,33.5
26.0,134.75,32.5
26.25,134.25,31.0
26.5,134.25,29.5
26.75,134.75,28.5
27.0,134.75,29.0
27.25,133.5,29.0
27.5,133.5,29.5
27.75,133.25,28.5
28.0,133.25,29.0
28.25,133.25,29.5
28.5,133.5,28.5
28.75,133.5,28.0
29.0,133.5,28.0
29.25,133.5,27.5
29.5,134.0,28.5
29.75,134.0,28.0
30.0,133.5,28.5
30.25,133.25,29.5
30.5,133.25,30.5
30.75,133.25,30.0
31.0,137.25,29.5
31.25,137.25,28.5
31.5,135.25,29.5
31.75,135.25,30.0
32.0,135.75,29.0
32.25,135.75,28.5
32.5,135.75,29.0
32.75,136.75,28.5
33.0,136.75,30.0
33.25,136.75,29.0
33.5,136.75,28.5
33.75,137.5,28.5
34.0,138.5,28.0
34.25,138.5,28.0
34.5,137.75,28.5
34.75,137.75,29.0
35.0,136.75,29.0
35.25,136.75,28.0
35.5,136.75,27.5
35.75,136.75,26.0
36.0,136.75,27.5
36.25,136.5,28.5
36.5,136.5,29.0
36.75,136.25,29.5
37.0,136.25,29.0
37.25,136.5,29.0
37.5,136.5,29.0
37.75,136.5,29.0
38.0,136.0,28.5
38.25,136.0,29.0
38.5,137.0,30.0
38.75,137.0,29.5
39.0,136.5,29.0
39.25,135.75,29.0
39.5,135.75,29.0
39.75,135.25,29.5
40.0,135.25,30.0
40.25,134.25,30.5
40.5,134.25,30.5
40.75,134.75,30.0
41.0,134.75,29.5
41.25,135.0,29.0
41.5,134.5,27.5
41.75,134.5,28.5
42.0,134.25,29.0
42.25,134.25,29.0
42.5,133.5,28.5
42.75,133.5,28.0
43.0,132.75,27.5
43.25,132.75,26.0
43.5,132.75,26.5
43.75,132.0,27.5
44.0,132.0,28.0
44.25,132.0,29.0
44.5,132.0,29.5
44.75,132.5,30.5
45.0,132.5,30.5
45.25,132.5,28.5
45.5,132.5,28.5
45.75,132.25,28.5
46.0,132.75,28.0
46.25,132.75,29.0
46.5,133.0,28.5
46.75,133.0,28.0
47.0,133.5,27.5
47.25,133.5,28.0
47.5,132.5,27.0
47.75,132.5,27.0
48.0,133.0,26.0
48.25,132.75,25.5
48.5,132.75,25.0
48.75,132.75,25.0
49.0,132.75,24.0
49.25,133.25,21.0
49.5,133.25,21.0
49.75,133.25,22.0
50.0,133.25,22.5
50.25,133.5,23.0
50.5,133.25,23.0
50.75,133.25,23.0
51.0,135.0,22.0
51.25,135.0,21.0
51.5,134.0,20.0
51.75,134.0,19.5
52.0,134.25,19.5
52.25,134.25,19.0
52.5,134.25,18.0
52.75,133.75,17.5
53.0,133.75,16.5
53.25,133.0,15.5
53.5,133.0,14.5
53.75,133.0,13.5
54.0,133.0,13.0
54.25,132.75,13.0
54.5,132.75,13.5
54.75,133.5,13.5
55.0,133.75,14.0
55.25,133.75,14.0
55.5,133.5,13.5
55.75,133.5,13.0
56.0,133.75,13.0
56.25,133.75,13.0
56.5,133.75,13.0
56.75,133.75,13.0
57.0,134.0,13.0
57.25,134.0,13.5
57.5,134.0,15.0
57.75,133.75,16.0
58.0,133.75,16.5
58.25,134.0,17.5
58.5,134.0,19.5
58.75,134.5,21.0
59.0,134.5,22.5
59.25,134.25,24.0
59.5,134.5,23.5
59.75,134.5,22.5
60.0,134.5,21.0
60.25,132.25,20.5
60.5,131.75,20.0
60.75,131.75,20.0
61.0,130.5,18.5
61.25,130.5,18.0
61.5,128.5,19.5
61.75,128.5,20.0
62.0,127.25,19.0
62.25,127.25,16.5
62.5,126.0,16.0
62.75,126.0,15.5
63.0,126.25,15.0
63.25,126.25,13.5
63.5,126.25,13.5
63.75,126.0,14.0
64.0,126.0,13.0
64.25,126.0,11.5
64.5,126.0,10.5
64.75,126.25,8.0
65.0,126.25,7.0
65.25,125.75,8.0
65.5,125.75,9.0
65.75,125.75,9.5
66.0,125.75,10.5
66.25,124.5,11.0
66.5,124.5,11.0
66.75,123.0,10.0
67.0,123.0,8.5
67.25,124.75,9.0
67.5,124.75,8.0
67.75,124.5,7.5
68.0,124.5,6.5
68.25,125.25,6.5
68.5,124.5,8.0
68.75,124.5,7.0
69.0,124.5,6.0
69.25,123.0,6.0
69.5,123.0,5.5
69.75,121.75,6.0
70.0,121.75,6.0
70.25,120.25,8.0
70.5,120.25,9.5
70.75,118.75,10.5
71.0,118.75,11.5
71.25,115.0,13.0
71.5,115.0,13.0
71.75,114.0,12.5
72.0,114.0,12.0
72.25,114.0,12.5
72.5,114.0,12.0
72.75,114.25,12.0
73.0,114.25,11.5
73.25,115.25,11.0
73.5,115.25,10.0
73.75,116.0,9.5
74.0,116.0,9.0
74.25,116.5,9.5
74.5,116.5,9.5
74.75,116.5,10.0
75.0,115.75,11.5
75.25,115.75,12.0
75.5,115.75,13.0
75.75,115.75,13.0
76.0,116.0,13.0
76.25,116.0,12.5
76.5,116.0,12.5
76.75,116.0,12.5
77.0,118.75,12.0
77.25,118.75,11.5
77.5,119.5,11.0
77.75,119.5,10.5
78.0,120.0,10.0
78.25,120.0,10.0
78.5,120.0,10.5
78.75,119.25,11.5
79.0,119.25,11.5
79.25,119.5,12.5
79.5,119.5,13.0
79.75,119.0,13.0
80.0,119.0,13.0
80.25,119.0,12.5
80.5,117.75,12.0
80.75,117.75,12.0
81.0,117.5,11.5
81.25,117.5,13.5
81.5,116.75,15.5
81.75,116.75,16.5
82.0,116.0,18.0
82.25,116.0,19.0
82.5,116.0,21.0
82.75,116.25,24.0
83.0,116.25,24.5
83.25,116.25,27.0
83.5,121.5,29.0
83.75,121.5,30.0
84.0,121.0,29.0
84.25,121.0,31.0
84.5,121.5,30.5
84.75,121.5,31.0
85.0,121.75,34.5
85.25,121.75,34.0
85.5,122.5,32.5
85.75,123.5,31.0
86.0,123.5,30.5
86.25,125.25,30.0
86.5,125.25,30.5
86.75,127.25,30.5
87.0,127.25,31.0
87.25,128.25,31.5
87.5,128.25,34.0
87.75,127.75,35.0
88.0,127.75,35.5
88.25,128.75,37.0
88.5,128.75,37.0
88.75,129.75,37.5
89.0,130.25,39.0
89.25,130.25,38.0
89.5,129.5,37.5
89.75,129.5,41.0
90.0,132.0,40.0
90.25,132.0,38.5
90.5,129.75,39.0
90.75,129.75,36.0
91.0,129.75,37.5
91.25,129.75,36.5
91.5,130.0,35.0
91.75,129.75,37.5
92.0,129.75,36.5
92.25,129.0,37.0
92.5,129.0,36.5
92.75,128.0,36.0
93.0,128.0,36.5
93.25,127.75,36.0
93.5,127.75,37.0
93.75,127.75,38.0
94.0,127.25,37.0
94.25,127.25,35.0
94.5,127.25,35.0
94.75,127.25,35.5
95.0,128.0,35.5
95.25,128.0,36.0
95.5,127.5,36.0
95.75,128.0,37.0
96.0,128.0,38.0
96.25,128.0,37.5
96.5,128.0,37.5
96.75,128.0,36.5
97.0,128.0,35.5
97.25,128.5,35.0
97.5,128.5,35.5
97.75,130.25,38.0
98.0,130.25,38.5
98.25,128.75,39.0
98.5,128.75,40.5
98.75,125.5,39.0
99.0,125.5,38.5
99.25,125.0,37.5
99.5,125.0,35.5
99.75,124.0,36.0
100.0,124.0,37.0
100.25,122.0,37.0
100.5,122.0,33.5
100.75,122.0,33.0
101.0,122.0,31.5
101.25,120.25,32.5
101.5,120.25,33.0
101.75,121.5,34.0
102.0,121.5,33.5
102.25,122.5,32.5
102.5,122.5,32.5
102.75,122.25,32.5
103.0,122.75,32.5
103.25,122.75,33.5
103.5,124.0,35.5
103.75,124.0,35.0
104.0,124.5,33.0
104.25,124.5,31.5
104.5,126.0,30.5
104.75,126.0,30.0
105.0,126.5,30.5
105.25,126.5,31.0
105.5,126.25,31.0
105.75,126.25,31.0
106.0,127.0,31.5
106.25,127.0,31.5
106.5,125.75,32.5
106.75,125.75,32.0
107.0,125.25,31.0
107.25,127.25,31.0
107.5,127.25,32.5
107.75,127.25,34.5
108.0,127.25,34.5
108.25,127.25,33.5
108.5,127.25,32.5
108.75,128.0,32.5
109.0,128.0,32.0
109.25,128.0,31.0
109.5,128.0,30.5
109.75,127.0,31.5
110.0,127.0,32.5
110.25,126.75,32.0
110.5,126.75,31.5
110.75,126.25,31.5
111.0,126.25,32.0
111.25,126.25,32.0
111.5,126.25,33.5
111.75,125.75,35.5
112.0,125.25,35.5
112.25,125.25,34.5
112.5,126.5,34.5
112.75,126.5,34.0
113.0,127.75,34.0
113.25,127.75,35.5
113.5,129.0,35.5
113.75,129.0,35.5
114.0,130.25,36.5
114.25,130.25,36.5
114.5,131.0,36.5
114.75,131.75,34.0
115.0,131.75,34.5
115.25,131.25,35.5
115.5,131.25,36.5
115.75,131.5,35.5
116.0,131.5,35.0
116.25,130.75,35.0
116.5,130.75,34.5
116.75,131.0,35.0
117.0,131.0,35.0
117.25,132.0,35.0
117.5,131.5,34.5
117.75,131.5,34.0
118.0,131.75,34.0
118.25,131.75,33.5
118.5,130.25,34.0
118.75,130.25,35.5
119.0,130.75,35.0
119.25,130.75,34.0
119.5,130.75,33.5
119.75,130.75,33.0
120.0,130.5,31.5
120.25,129.5,32.0
120.5,129.5,31.5
120.75,128.5,32.5
121.0,128.5,33.5
121.25,128.5,34.0
121.5,128.5,32.5
121.75,129.25,31.5
122.0,129.25,33.0
122.25,128.0,31.5
122.5,128.0,31.5
122.75,129.0,31.5
123.0,129.0,31.0
123.25,126.25,32.0
123.5,126.25,32.0
123.75,128.5,31.0
124.0,131.5,30.0
124.25,131.5,28.5
124.5,131.5,29.5
124.75,131.5,29.5
125.0,132.0,28.5
125.25,132.0,28.0
125.5,132.75,26.5
125.75,132.75,26.0
126.0,133.75,24.5
126.25,133.75,24.5
126.5,133.75,25.5
126.75,134.5,25.0
127.0,134.5,24.0
127.25,135.75,26.0
127.5,135.75,26.0
127.75,134.75,25.0
128.0,135.25,26.0
128.25,135.25,26.0
128.5,135.0,26.0
128.75,135.0,24.5
129.0,135.25,24.0
129.25,135.25,24.5
129.5,135.75,27.0
129.75,135.25,27.5
130.0,135.25,27.0
130.25,133.75,27.0
130.5,133.75,28.5
130.75,136.0,29.0
131.0,136.0,29.5
131.25,134.5,30.0
131.5,134.5,31.0
131.75,135.0,29.0
132.0,135.0,29.0
132.25,135.0,29.5
132.5,135.0,37.0
132.75,135.0,39.0
133.0,135.75,32.0
133.25,135.75,34.0
133.5,136.0,35.0
133.75,135.75,35.0
134.0,135.75,33.5
134.25,135.0,33.5
134.5,135.0,32.5
134.75,135.0,33.0
135.0,135.0,33.5
135.25,135.0,34.0
135.5,135.5,33.0
135.75,135.5,32.5
136.0,135.5,31.5
136.25,135.5,30.5
136.5,133.5,29.0
136.75,133.5,29.5
137.0,132.75,30.5
137.25,132.75,29.0
137.5,133.5,29.5
137.75,132.75,29.5
138.0,132.75,29.0
138.25,132.75,29.5
138.5,132.75,28.5
138.75,134.0,27.5
139.0,134.0,27.0
139.25,134.25,26.5
139.5,134.25,27.0
139.75,132.75,27.5
140.0,133.25,27.5
140.25,133.25,28.0
140.5,133.25,27.0
140.75,133.25,25.5
141.0,133.5,24.5
141.25,133.5,24.0
141.5,132.5,25.0
141.75,132.5,26.0
142.0,134.25,26.0
142.25,135.0,27.0
142.5,135.0,26.5
142.75,135.5,28.0
143.0,135.5,28.0
143.25,135.5,28.0
143.5,135.5,28.0
143.75,135.25,27.0
144.0,135.25,27.5
144.25,135.0,28.0
144.5,134.5,28.5
144.75,134.5,29.0
145.0,135.25,30.5
145.25,135.25,30.5
145.5,135.75,29.0
145.75,135.75,28.5
146.0,136.5,28.0
146.25,135.25,26.0
146.5,135.25,26.5
146.75,137.25,27.5
147.0,137.25,28.5
147.25,135.25,28.5
147.5,135.25,28.5
147.75,136.5,29.0
148.0,136.75,28.0
148.25,136.75,28.5
148.5,136.75,29.0
148.75,136.75,27.5
149.0,137.5,29.0
149.25,137.5,28.5
149.5,136.75,29.0
149.75,137.75,29.5
150.0,137.75,30.5
150.25,137.5,30.5
150.5,137.5,29.5
150.75,137.75,29.0
151.0,137.75,29.5
151.25,137.25,30.5
151.5,137.0,29.5
151.75,137.0,30.5
152.0,137.5,30.0
152.25,137.5,30.5
152.5,136.75,30.5
152.75,136.75,31.0
153.0,137.25,30.5
153.25,137.0,29.5
153.5,137.0,29.0
153.75,135.75,29.5
154.0,135.75,31.0
154.25,137.5,31.5
154.5,137.5,32.0
154.75,137.0,31.0
155.0,138.0,30.5
155.25,138.0,31.0
155.5,137.0,31.0
155.75,137.0,30.5
156.0,137.0,31.0
156.25,137.0,31.0
156.5,138.5,32.5
156.75,138.25,31.5
157.0,138.25,31.5
157.25,136.75,31.0
157.5,136.75,30.5
157.75,137.0,30.5
158.0,137.0,31.0
158.25,137.5,30.5
158.5,138.5,30.0
158.75,138.5,30.5
159.0,138.5,29.5
159.25,138.5,30.0
159.5,139.5,29.5
159.75,138.5,30.0
160.0,138.5,30.0
160.25,137.25,30.5
160.5,137.25,30.5
160.75,137.5,30.0
161.0,137.5,30.5
161.25,139.25,31.0
161.5,139.5,30.5
161.75,139.5,29.5
162.0,138.75,30.5
162.25,138.75,31.0
162.5,137.75,30.5
162.75,137.75,31.0
163.0,136.25,31.0
163.25,137.5,30.5
163.5,137.5,30.5
163.75,139.0,30.0
164.0,139.0,29.5
164.25,138.5,29.5
164.5,138.5,29.0
164.75,138.25,30.0
165.0,137.75,30.5
165.25,137.75,31.5
165.5,137.5,31.5
165.75,137.5,32.0
166.0,139.0,32.0
166.25,139.0,31.5
166.5,139.25,31.5
166.75,139.5,31.0
167.0,139.5,31.0
167.25,139.75,29.5
167.5,139.75,28.5
167.75,140.25,27.5
168.0,140.0,27.5
168.25,140.0,27.5
168.5,139.75,27.0
168.75,139.75,26.0
169.0,138.5,25.0
169.25,138.5,23.5
169.5,140.25,22.0
169.75,138.0,20.5
170.0,138.0,19.0
170.25,138.25,20.5
170.5,138.25,22.0
170.75,138.75,22.5
171.0,139.5,22.0
171.25,139.5,21.5
171.5,140.0,21.0
171.75,140.0,20.0
172.0,140.75,19.5
172.25,140.75,19.0
172.5,140.75,19.0
172.75,139.75,19.0
173.0,139.75,19.5
173.25,139.5,18.0
173.5,139.5,18.0
173.75,138.75,18.0
174.0,138.75,17.5
174.25,137.5,16.5
174.5,134.5,17.0
174.75,134.5,16.0
175.0,134.25,16.0
175.25,134.25,16.0
175.5,133.5,15.0
175.75,133.5,14.5
176.0,133.5,14.0
176.25,131.5,14.0
176.5,131.5,14.5
176.75,131.25,15.5
177.0,131.25,15.5
177.25,132.0,15.0
177.5,132.0,15.0
177.75,131.25,15.5
178.0,131.25,17.0
178.25,131.5,17.5
178.5,131.5,18.0
178.75,131.5,18.0
179.0,131.5,17.5
179.25,131.5,18.0
179.5,131.5,18.5
179.75,131.5,18.0
180.0,130.5,19.0
180.25,130.5,19.0
180.5,130.5,18.5
180.75,130.5,18.0
181.0,130.25,19.0
181.25,130.25,17.5
181.5,130.75,18.0
181.75,130.75,18.0
182.0,130.25,18.5
182.25,131.25,19.0
182.5,131.25,19.0
182.75,131.5,18.5
183.0,131.5,18.5
183.25,131.5,18.0
183.5,131.5,17.5
183.75,132.5,18.0
184.0,132.5,18.5
184.25,133.0,19.0
184.5,132.75,19.0
184.75,132.75,19.0
185.0,132.5,19.0
185.25,132.5,19.5
185.5,134.25,19.5
185.75,134.25,21.0
186.0,134.5,21.5
186.25,136.25,21.5
186.5,136.25,21.5
186.75,136.75,22.0
187.0,136.75,22.0
187.25,136.75,20.0
187.5,136.75,19.0
187.75,135.25,18.0
188.0,135.5,17.5
188.25,135.5,17.0
188.5,136.75,15.5
188.75,136.75,16.0
189.0,135.75,16.5
189.25,135.75,17.0
189.5,136.5,17.0
189.75,139.5,17.5
190.0,139.5,16.0
190.25,137.5,15.0
190.5,137.5,14.0
190.75,137.75,14.0
191.0,137.75,14.0
191.25,137.5,14.0
191.5,137.5,12.5
191.75,137.5,13.0
192.0,136.75,12.5
192.25,136.75,11.0
192.5,135.75,10.0
192.75,135.75,10.0
193.0,136.0,10.0
193.25,135.75,11.0
193.5,135.75,11.5
193.75,135.25,12.5
194.0,135.25,12.5
194.25,135.0,11.5
194.5,135.0,12.0
194.75,134.75,13.0
195.0,134.75,14.0
195.25,134.75,16.0
195.5,134.75,16.0
195.75,134.75,17.5
196.0,135.5,19.5
196.25,135.5,23.5
196.5,135.5,25.0
196.75,135.5,26.0
197.0,135.75,27.5
197.25,135.75,29.0
197.5,135.75,29.0
197.75,135.75,29.5
198.0,135.75,30.5
198.25,135.5,30.5
198.5,135.5,31.0
198.75,135.5,29.0
199.0,135.5,27.5
199.25,135.0,25.5
199.5,134.0,24.0
199.75,134.0,22.0
200.0,133.25,21.0
200.25,133.25,22.5
200.5,131.75,22.5
200.75,131.75,23.0
201.0,131.75,23.5
201.25,131.75,23.0
201.5,129.75,23.0
201.75,129.75,22.0
202.0,129.0,22.5
202.25,128.25,23.0
202.5,128.25,22.5
202.75,128.5,22.0
203.0,128.5,21.5
203.25,126.25,20.5
203.5,126.25,20.0
203.75,126.75,18.0
204.0,126.75,17.0
204.25,126.5,15.0
204.5,126.5,14.5
204.75,125.5,15.0
205.0,125.5,13.5
205.25,124.75,12.5
205.5,124.75,12.5
205.75,122.5,12.5
206.0,122.5,12.5
206.25,120.75,13.0
206.5,120.75,13.0
206.75,119.5,12.0
207.0,119.5,13.0
207.25,118.75,13.0
207.5,118.75,13.0
207.75,118.25,12.0
208.0,118.25,12.0
208.25,118.75,12.0
208.5,118.75,12.0
208.75,118.25,12.0
209.0,118.25,13.0
209.25,119.5,13.5
209.5,119.5,13.0
209.75,120.75,13.0
210.0,120.75,13.5
210.25,121.5,14.0
210.5,121.5,14.5
210.75,122.5,14.0
211.0,122.5,13.5
211.25,123.5,13.5
211.5,123.5,15.5
211.75,124.5,18.0
212.0,124.5,19.0
212.25,124.0,18.5
212.5,124.0,17.5
212.75,123.0,17.0
213.0,123.0,16.0
213.25,125.0,16.0
213.5,124.75,16.5
213.75,124.75,17.5
214.0,125.75,16.5
214.25,125.75,16.5
214.5,124.75,16.0
214.75,124.75,18.0
215.0,125.0,19.0
215.25,125.0,20.0
215.5,125.75,20.5
215.75,125.75,20.5
216.0,126.5,21.0
216.25,126.5,21.5
216.5,128.75,22.5
216.75,128.75,24.5
217.0,129.0,25.0
217.25,129.0,26.5
217.5,129.5,28.5
217.75,128.5,31.0
218.0,128.5,30.5
218.25,128.5,29.0
218.5,128.5,28.5
218.75,127.5,28.5
219.0,127.5,30.0
219.25,127.25,30.5
219.5,127.25,31.0
219.75,127.0,31.0
220.0,127.0,31.0
220.25,127.25,30.5
220.5,127.25,31.0
220.75,126.25,32.0
221.0,126.25,32.5
221.25,126.0,31.0
221.5,127.25,31.5
221.75,127.25,31.0
222.0,127.0,30.5
222.25,127.0,30.5
222.5,127.25,30.0
222.75,127.25,29.5
223.0,128.0,28.0
223.25,128.0,27.0
223.5,128.0,27.5
223.75,128.0,28.5
224.0,127.25,28.5
224.25,127.25,29.0
224.5,127.5,29.0
224.75,127.5,28.0
225.0,128.0,27.5
225.25,129.75,27.5
225.5,129.75,29.0
225.75,129.5,29.5
226.0,129.5,29.0
226.25,130.25,29.0
226.5,130.25,28.5
226.75,131.5,28.5
227.0,131.5,27.5
227.25,131.5,27.5
227.5,131.5,28.0
227.75,132.0,28.5
228.0,133.0,28.5
228.25,133.0,29.5
228.5,131.5,31.0
228.75,131.5,30.5
229.0,130.75,29.5
229.25,130.75,29.0
229.5,129.5,29.5
229.75,129.5,30.5
230.0,129.75,30.0
230.25,130.0,29.0
230.5,130.0,27.0
230.75,128.0,26.0
231.0,128.0,26.0
231.25,127.5,26.0
231.5,127.5,26.0
231.75,127.0,25.0
232.0,127.0,24.5
232.25,128.5,24.0
232.5,128.5,24.0
232.75,130.25,23.5
233.0,130.25,24.0
233.25,130.25,25.0
233.5,130.25,25.5
233.75,129.75,25.0
234.0,130.75,23.5
234.25,130.75,22.5
234.5,132.0,19.5
234.75,132.0,19.5
235.0,131.5,20.5
235.25,131.5,20.5
235.5,131.5,21.5
235.75,131.5,22.0
236.0,131.25,23.5
236.25,131.25,26.0
236.5,130.75,26.5
236.75,130.5,26.5
237.0,130.5,26.0
237.25,131.0,27.0
237.5,131.0,27.0
237.75,131.25,27.5
238.0,131.25,27.5
238.25,131.5,27.5
238.5,131.5,27.5
238.75,131.5,30.0
239.0,131.5,32.5
239.25,131.5,31.5
239.5,132.0,31.5
239.75,132.0,31.5
240.0,132.5,32.0
240.25,132.5,32.5
240.5,132.5,33.0
240.75,132.5,34.0
241.0,132.0,34.5
241.25,132.0,33.5
241.5,132.0,33.5
241.75,131.0,33.0
242.0,131.0,33.0
242.25,129.75,32.0
242.5,129.75,30.0
242.75,132.0,27.5
243.0,132.0,25.5
243.25,130.25,24.0
243.5,130.25,22.5
243.75,130.0,23.0
244.0,130.0,23.5
244.25,128.5,24.0
244.5,128.5,24.0
244.75,130.75,23.5
245.0,131.5,23.5
245.25,131.5,23.5
245.5,132.25,23.0
245.75,132.25,23.5
246.0,132.25,24.0
246.25,132.25,25.0
246.5,133.0,25.0
246.75,132.75,24.5
247.0,132.75,24.0
247.25,132.0,22.5
247.5,132.0,22.5
247.75,132.0,23.0
248.0,132.0,24.0
248.25,132.75,25.0
248.5,132.75,26.0
248.75,133.5,27.5
249.0,133.5,15.0
249.25,133.5,4.0
249.5,132.5,19.0
249.75,132.5,31.0
250.0,131.75,21.0
250.25,131.75,21.5
250.5,133.0,20.0
250.75,133.0,19.5
251.0,133.0,19.0
251.25,133.0,20.0
251.5,132.75,21.5
251.75,133.5,23.0
252.0,133.5,23.5
252.25,133.75,24.5
252.5,133.75,20.0
252.75,133.25,20.0
253.0,133.25,19.0
253.25,133.5,19.0
253.5,135.0,19.0
253.75,135.0,19.0
254.0,135.25,19.5
254.25,135.25,18.5
254.5,136.0,20.0
254.75,136.0,13.0
255.0,137.0,23.0
255.25,136.75,27.0
255.5,136.75,3.0
255.75,137.5,19.0
256.0,137.5,18.5
256.25,138.25,9.0
256.5,138.25,8.5
256.75,138.25,9.5
257.0,138.0,7.0
257.25,138.0,9.5
257.5,138.25,8.5
257.75,138.25,4.5
258.0,138.5,0.0
258.25,138.5,0.0
258.5,138.25,0.0
258.75,138.5,0.0
259.0,138.5,0.0
259.25,138.25,0.0
259.5,138.25,0.0
259.75,138.0,0.0
260.0,138.0,11.5
260.25,138.25,34.0
260.5,139.25,30.0
260.75,139.25,38.0
261.0,139.0,39.0
261.25,139.0,34.0
261.5,138.5,43.0
261.75,137.5,23.5
262.0,137.5,36.5
262.25,136.75,17.0
262.5,136.75,40.5
262.75,137.0,79.0
263.0,137.0,44.5
263.25,137.75,37.5
263.5,138.0,23.5
263.75,138.0,34.5
264.0,138.0,38.5
264.25,138.0,41.0
264.5,138.5,41.0
264.75,138.5,40.5
265.0,137.5,44.5
265.25,136.75,39.0
265.5,136.75,37.5
265.75,137.0,35.0
266.0,137.0,35.0
266.25,136.75,37.5
266.5,136.75,36.5
266.75,137.0,35.0
267.0,136.75,38.5
267.25,136.75,39.0
267.5,136.25,39.5
267.75,136.25,38.5
268.0,136.5,36.5
268.25,136.5,38.0
268.5,136.5,39.5
268.75,136.75,40.5
269.0,136.75,40.5
269.25,136.5,42.5
269.5,136.5,41.0
269.75,137.0,42.5
270.0,137.0,41.5
270.25,137.5,39.5
270.5,138.25,39.5
270.75,138.25,39.5
271.0,138.75,39.0
271.25,138.75,36.5
271.5,138.75,38.0
271.75,138.75,35.5
272.0,139.5,35.5
272.25,139.5,38.0
272.5,139.5,41.0
272.75,139.5,34.5
273.0,139.5,33.0
273.25,140.5,37.0
273.5,141.0,17.0
273.75,141.0,15.0
274.0,140.0,18.0
274.25,140.0,29.0
274.5,140.75,9.0
274.75,140.75,16.0
275.0,140.5,33.5
275.25,140.25,12.0
275.5,140.25,1.5
275.75,139.75,10.5
276.0,139.75,5.5
276.25,139.75,16.0
276.5,140.25,40.5
276.75,140.25,37.5
277.0,140.25,15.0
277.25,140.25,15.5
277.5,139.0,34.5
277.75,139.0,36.5
278.0,140.75,40.0
278.25,140.75,39.0
278.5,140.75,41.5
278.75,139.25,42.0
279.0,139.25,51.0
279.25,139.25,51.5
279.5,136.75,49.5
279.75,136.75,54.5
280.0,134.25,54.0
280.25,134.25,56.0
280.5,134.0,60.5
280.75,134.0,59.0
281.0,133.5,60.0
281.25,133.5,60.5
281.5,133.5,60.5
281.75,133.5,61.0
282.0,133.5,62.0
282.25,132.5,63.0
282.5,132.5,62.5
282.75,132.25,63.5
283.0,132.25,62.5
283.25,132.75,25.0
283.5,132.75,23.0
283.75,133.0,19.5
284.0,133.0,24.0
284.25,132.75,29.5
284.5,132.0,16.0
284.75,132.0,5.0
285.0,132.0,0.0
285.25,132.0,0.0
285.5,132.75,0.0
285.75,132.75,0.0
286.0,132.75,0.0
286.25,132.75,0.0
286.5,132.75,6.0
286.75,132.75,7.0
287.0,132.75,9.0
287.25,133.5,12.5
287.5,133.5,13.5
287.75,133.5,15.0
288.0,133.5,17.0
288.25,134.25,20.0
288.5,134.25,20.0
288.75,133.5,21.0
289.0,134.75,23.5
289.25,134.75,26.0
289.5,133.75,27.0
289.75,133.75,26.5
290.0,134.75,25.5
290.25,134.75,25.5
290.5,134.0,25.5
290.75,134.75,25.5
291.0,134.75,26.0
291.25,134.25,26.0
291.5,134.25,27.5
291.75,133.5,27.0
292.0,133.5,27.5
292.25,135.0,27.0
292.5,135.0,26.0
292.75,136.25,29.5
293.0,136.75,29.5
293.25,136.75,31.0
293.5,137.75,29.0
293.75,137.75,29.0
294.0,139.25,29.0
294.25,139.5,29.0
294.5,139.5,30.0
294.75,140.75,30.5
295.0,140.75,29.5
295.25,141.5,29.5
295.5,141.5,28.0
295.75,142.5,27.0
296.0,142.5,27.5
296.25,142.5,26.5
296.5,142.5,25.0
296.75,142.0,25.5
297.0,142.0,25.5
297.25,142.0,25.5
297.5,142.0,25.0
297.75,142.0,25.0
298.0,142.0,24.5
298.25,142.0,24.5
298.5,141.5,25.0
298.75,141.5,26.5
299.0,141.0,26.0
299.25,141.0,24.0
299.5,138.5,23.5
299.75,140.75,24.0
300.0,140.75,24.0
300.25,140.75,24.0
300.5,140.75,23.5
300.75,138.75,23.5
301.0,138.75,23.0
301.25,138.0,23.0
301.5,139.0,23.0
301.75,139.0,23.0
302.0,138.0,23.0
302.25,138.0,22.0
302.5,138.75,21.5
302.75,138.25,21.0
303.0,138.25,21.0
303.25,138.5,21.0
303.5,138.5,21.0
303.75,138.5,21.5
304.0,138.5,21.5
304.25,137.5,21.5
304.5,137.5,20.0
304.75,137.25,19.5
305.0,135.75,19.5
305.25,135.75,19.5
305.5,135.25,19.5
305.75,135.25,19.5
306.0,134.75,19.5
306.25,134.75,19.5
306.5,134.75,20.0
306.75,132.75,21.0
307.0,131.75,21.5
307.25,131.75,22.5
307.5,131.5,23.5
307.75,131.5,23.5
308.0,131.5,26.5
308.25,131.5,30.0
308.5,131.0,32.0
308.75,131.0,32.5
309.0,130.75,33.0
309.25,130.75,32.5
309.5,130.5,33.0
309.75,130.0,34.0
310.0,130.0,36.5
310.25,130.5,38.5
310.5,130.5,38.5
310.75,130.75,38.5
311.0,130.75,35.0
311.25,131.0,35.5
311.5,131.0,35.5
311.75,132.0,36.0
312.0,132.0,35.5
312.25,133.0,33.5
312.5,135.0,33.0
312.75,135.0,33.0
313.0,135.75,33.0
313.25,135.75,32.0
313.5,136.0,32.0
313.75,136.0,33.0
314.0,137.0,34.5
314.25,138.75,35.5
314.5,138.75,33.5
314.75,140.25,31.5
315.0,140.25,31.5
315.25,141.25,32.0
315.5,142.0,32.5
315.75,142.0,33.0
316.0,142.0,33.0
316.25,142.0,33.0
316.5,142.0,33.5
316.75,141.25,32.5
317.0,141.25,31.5
317.25,140.75,29.5
317.5,140.75,29.0
317.75,140.75,29.0
318.0,140.75,30.0
318.25,139.25,31.5
318.5,138.0,32.0
318.75,138.0,33.0
319.0,137.0,33.5
319.25,137.0,33.0
319.5,135.75,31.0
319.75,135.75,30.5
320.0,134.75,30.5
320.25,134.75,31.0
320.5,133.5,31.5
320.75,133.0,32.5
321.0,133.0,32.5
321.25,132.75,31.0
321.5,132.75,29.5
321.75,132.5,29.0
322.0,132.5,29.0
322.25,132.0,28.5
322.5,132.0,28.0
322.75,130.75,28.0
323.0,130.75,28.0
323.25,130.25,28.0
323.5,129.5,27.5
323.75,129.5,27.0
324.0,129.0,27.0
324.25,129.0,27.5
324.5,128.75,27.5
324.75,128.75,27.5
325.0,128.75,27.5
325.25,128.75,26.0
325.5,128.5,25.5
325.75,128.5,25.5
326.0,128.0,25.5
326.25,128.0,26.0
326.5,127.75,27.5
326.75,127.25,28.5
327.0,127.25,27.5
327.25,126.75,27.0
327.5,126.75,26.0
327.75,125.75,27.0
328.0,125.75,28.5
328.25,125.25,29.5
328.5,125.25,30.5
328.75,124.75,31.0
329.0,124.75,31.0
329.25,123.5,29.5
329.5,123.5,28.5
329.75,122.5,28.5
330.0,122.5,28.0
330.25,122.25,28.0
330.5,122.25,27.5
330.75,122.75,27.5
331.0,122.75,27.5
331.25,121.5,26.0
331.5,121.5,27.0
331.75,121.25,27.5
332.0,121.25,28.0
332.25,121.0,31.5
332.5,121.0,31.5
332.75,120.75,35.0
333.0,120.75,35.0
333.25,120.5,36.0
333.5,120.5,38.5
333.75,121.5,41.0
334.0,121.5,41.5
334.25,121.5,42.5
334.5,121.5,40.5
334.75,122.0,39.0
335.0,122.0,37.0
335.25,121.5,35.5
335.5,121.5,34.5
335.75,122.5,33.0
336.0,122.5,31.5
336.25,122.75,31.5
336.5,122.75,32.0
336.75,123.75,31.0
337.0,123.75,29.5
337.25,124.5,29.0
337.5,124.5,27.5
337.75,124.5,26.5
338.0,125.0,26.0
338.25,125.0,25.0
338.5,124.75,25.0
338.75,124.75,24.5
339.0,125.25,25.0
339.25,125.25,25.5
339.5,126.25,25.5
339.75,126.25,26.0
340.0,126.75,24.5
340.25,126.75,25.0
340.5,126.75,24.5
340.75,126.75,24.0
341.0,125.75,24.0
341.25,125.75,24.5
341.5,125.75,24.5
341.75,125.25,26.0
342.0,126.25,26.0
342.25,126.25,26.5
342.5,126.25,26.0
342.75,126.25,26.5
343.0,126.25,26.0
343.25,126.25,25.0
343.5,126.25,24.5
343.75,126.0,25.0
344.0,126.0,25.0
344.25,126.0,24.0
344.5,126.0,25.0
344.75,125.75,25.5
345.0,125.75,25.5
345.25,125.75,24.0
345.5,124.5,23.5
345.75,124.5,23.0
346.0,125.0,23.0
346.25,125.0,23.5
346.5,125.25,24.0
346.75,125.25,24.0
347.0,125.75,24.5
347.25,125.75,24.0
347.5,125.0,24.0
347.75,125.0,24.5
348.0,125.0,24.5
348.25,125.25,25.0
348.5,125.25,25.0
348.75,125.75,24.5
349.0,125.75,25.0
349.25,128.0,25.5
349.5,128.0,26.0
349.75,126.75,27.5
350.0,126.75,27.5
350.25,126.0,27.5
350.5,126.0,26.0
350.75,127.25,26.0
351.0,127.25,26.0
351.25,127.75,27.0
351.5,127.75,27.5
351.75,129.5,29.5
352.0,127.5,30.5
352.25,127.5,29.5
352.5,127.25,29.0
352.75,127.25,28.5
353.0,125.75,29.5
353.25,125.75,29.0
353.5,125.25,30.5
353.75,125.25,31.5
354.0,124.5,30.0
354.25,124.5,29.5
354.5,123.25,30.0
354.75,123.25,30.0
355.0,123.0,30.0
355.25,123.0,29.5
355.5,123.25,29.0
355.75,123.25,28.5
356.0,123.5,28.5
356.25,123.5,27.5
356.5,123.0,27.0
356.75,123.0,29.0
357.0,123.5,35.5
357.25,123.5,41.5
357.5,123.5,44.0
357.75,124.75,45.0
358.0,124.75,46.0
358.25,124.5,47.0
358.5,124.5,48.0
358.75,125.5,49.5
359.0,125.5,51.0
359.25,126.25,53.0
359.5,125.5,52.5
359.75,125.5,50.5
360.0,125.5,49.0
360.25,125.5,48.0
360.5,126.0,47.0
360.75,126.0,46.0
361.0,127.5,45.0
361.25,127.5,43.5
361.5,127.5,43.0
361.75,127.5,41.5
362.0,127.5,41.5
362.25,127.5,41.0
362.5,126.75,39.5
362.75,126.75,38.0
363.0,127.75,37.0
363.25,129.75,35.5
363.5,129.75,34.5
363.75,130.75,33.5
364.0,130.75,35.5
364.25,131.5,35.5
364.5,131.5,35.0
364.75,131.0,34.0
365.0,131.0,33.0
365.25,131.0,33.5
365.5,131.0,31.5
365.75,134.0,33.0
366.0,132.25,38.0
366.25,132.25,43.5
366.5,132.5,48.0
366.75,132.5,53.5
367.0,133.5,55.5
367.25,133.5,47.0
367.5,134.75,45.5
367.75,137.5,45.0
368.0,137.5,46.0
368.25,137.5,48.5
368.5,137.5,47.0
368.75,138.5,46.0
369.0,138.5,45.0
369.25,138.75,42.5
369.5,138.5,42.5
369.75,138.5,43.0
370.0,138.5,40.0
370.25,138.5,38.5
370.5,139.25,37.5
370.75,138.25,43.0
371.0,138.25,48.5
371.25,139.25,48.5
371.5,139.25,46.5
371.75,138.5,46.5
372.0,138.5,45.5
372.25,138.75,45.0
372.5,138.75,47.0
372.75,138.75,46.5
373.0,136.75,42.5
373.25,136.75,40.0
373.5,136.5,38.5
373.75,136.5,36.5
374.0,137.0,35.5
374.25,136.5,34.5
374.5,136.5,34.5
374.75,136.5,33.0
375.0,136.5,31.0
375.25,136.75,29.0
375.5,136.75,29.0
375.75,138.0,29.5
376.0,138.5,32.0
376.25,138.5,32.5
376.5,138.75,32.0
376.75,138.75,31.0
377.0,139.5,29.5
377.25,139.5,28.5
377.5,139.5,28.5
377.75,138.5,29.0
378.0,138.5,30.5
378.25,137.75,30.5
378.5,137.75,31.0
378.75,136.5,30.0
379.0,136.5,28.5
379.25,134.5,27.0
379.5,133.5,26.0
379.75,133.5,26.5
380.0,132.75,26.5
380.25,132.75,27.5
380.5,130.25,28.0
380.75,130.25,27.5
381.0,129.0,27.0
381.25,129.0,27.5
381.5,128.5,27.5
381.75,128.5,27.5
382.0,128.5,27.0
382.25,128.5,27.5
382.5,128.5,28.5
382.75,128.5,28.0
383.0,128.75,28.5
383.25,129.0,29.0
383.5,129.0,29.5
383.75,129.25,29.5
384.0,129.25,30.0
384.25,129.75,30.5
384.5,129.75,30.5
384.75,130.25,30.5
385.0,130.25,30.0
385.25,131.25,31.0
385.5,131.25,31.5
385.75,131.75,31.0
386.0,132.75,31.0
386.25,132.75,31.0
386.5,134.5,30.5
386.75,134.5,30.5
387.0,136.0,30.5
387.25,136.0,31.5
387.5,136.75,32.5
387.75,136.75,32.0
388.0,136.75,31.0
388.25,137.25,31.0
388.5,137.25,31.0
388.75,137.75,31.0
389.0,137.75,31.0
389.25,137.5,30.5
389.5,137.5,31.5
389.75,137.5,32.0
390.0,137.75,32.5
390.25,137.75,31.5
390.5,138.75,30.5
390.75,138.25,30.5
391.0,138.25,29.5
391.25,138.25,29.0
391.5,138.25,29.0
391.75,138.75,29.5
392.0,138.75,29.5
392.25,139.5,29.5
392.5,139.0,28.0
392.75,139.0,27.0
393.0,138.75,26.0
393.25,138.75,26.0
393.5,138.25,26.0
393.75,138.25,26.0
394.0,137.5,27.5
394.25,137.5,27.5
394.5,137.5,27.5
394.75,136.75,26.5
395.0,136.75,25.5
395.25,136.25,24.5
395.5,136.25,24.0
395.75,135.0,24.0
396.0,135.0,24.0
396.25,135.0,25.0
396.5,135.0,27.0
396.75,135.0,27.5
397.0,135.25,27.0
397.25,135.25,27.0
397.5,135.25,25.5
397.75,135.25,25.0
398.0,135.0,25.5
398.25,135.5,25.5
398.5,135.5,26.0
398.75,136.75,26.0
399.0,136.75,27.0
399.25,137.25,27.0
399.5,137.25,27.0
399.75,137.5,26.5
400.0,137.5,26.5
400.25,137.5,26.5
400.5,138.25,26.5
400.75,138.25,26.5
401.0,139.0,26.0
401.25,139.5,26.5
401.5,139.5,27.0
401.75,140.0,26.5
402.0,140.0,26.5
402.25,138.5,26.5
402.5,138.5,26.5
402.75,139.75,27.0
403.0,139.0,26.5
403.25,139.0,25.0
403.5,139.5,25.5
403.75,139.5,28.0
404.0,139.0,29.0
404.25,139.0,31.5
404.5,139.25,32.0
404.75,139.25,33.5
405.0,139.25,33.5
405.25,140.25,35.0
405.5,140.25,37.0
405.75,140.75,37.0
406.0,140.75,38.5
406.25,140.75,39.5
406.5,140.5,39.5
406.75,140.5,38.5
407.0,141.25,39.0
407.25,141.25,39.0
407.5,141.25,39.0
407.75,141.5,40.0
408.0,141.5,40.5
408.25,140.75,41.0
408.5,140.75,40.5
408.75,139.5,39.5
409.0,138.0,39.0
409.25,138.0,39.0
409.5,137.25,39.0
409.75,137.25,38.0
410.0,135.75,37.0
410.25,135.75,37.5
410.5,135.5,38.5
410.75,136.25,40.0
411.0,136.25,41.0
411.25,135.75,41.0
411.5,135.75,41.0
411.75,135.25,40.0
412.0,135.25,39.5
412.25,134.25,39.5
412.5,134.25,39.5
412.75,134.25,39.5
413.0,134.0,40.0
413.25,134.0,39.0
413.5,135.0,38.0
413.75,135.0,37.0
414.0,135.25,37.0
414.25,135.25,38.5
414.5,136.75,39.0
414.75,136.0,40.5
415.0,136.0,41.0
415.25,136.0,38.5
415.5,137.0,36.0
415.75,137.0,34.0
416.0,138.0,34.0
416.25,138.5,34.5
416.5,138.5,34.0
416.75,139.5,34.0
417.0,139.5,34.5
417.25,139.5,30.5
417.5,139.5,28.5
417.75,139.5,27.0
418.0,140.25,25.5
418.25,140.25,25.0
418.5,140.75,25.0
418.75,140.75,24.0
419.0,141.25,23.5
419.25,141.75,23.0
419.5,141.75,23.5
419.75,142.0,23.5
420.0,142.0,23.5
420.25,141.0,24.5
420.5,140.75,24.0
420.75,140.75,23.0
421.0,140.5,22.0
421.25,140.5,22.5
421.5,140.0,23.5
421.75,140.0,24.0
422.0,140.25,24.0
422.25,140.5,23.5
422.5,140.5,23.0
422.75,140.0,23.0
423.0,140.0,22.0
423.25,140.5,21.5
423.5,140.75,21.5
423.75,140.75,22.5
424.0,140.75,22.5
424.25,140.75,22.5
424.5,141.5,23.0
424.75,141.75,22.0
425.0,141.75,21.0
425.25,141.25,20.5
425.5,141.25,21.0
425.75,141.5,21.0
426.0,141.5,21.5
426.25,140.5,22.5
426.5,139.5,22.5
426.75,139.5,23.0
427.0,140.5,23.0
427.25,140.5,22.5
427.5,139.25,21.5
427.75,139.25,21.0
428.0,138.5,21.5
428.25,137.75,22.0
428.5,137.75,22.5
428.75,137.5,22.5
429.0,137.5,22.5
429.25,137.75,22.5
429.5,138.0,22.0
429.75,138.0,21.5
430.0,138.0,20.5
430.25,138.0,20.5
430.5,137.75,22.0
430.75,137.75,22.5
431.0,137.25,23.0
431.25,136.75,25.5
431.5,136.75,26.5
431.75,136.75,27.5
432.0,136.75,31.0
432.25,136.75,32.0
432.5,136.75,33.5
432.75,137.25,34.5
433.0,138.5,33.5
433.25,138.5,32.0
433.5,114.25,32.0
433.75,114.25,32.5
434.0,114.25,33.0
434.25,137.5,33.5
434.5,137.5,34.5
434.75,137.5,34.5
435.0,137.5,35.0
435.25,137.5,33.0
435.5,137.25,29.5
435.75,137.25,28.5
436.0,137.25,28.5
436.25,137.25,28.5
436.5,137.25,28.5
436.75,137.25,29.0
437.0,137.25,28.0
437.25,0.0,25.0
437.5,0.0,24.0
437.75,0.0,23.5
438.0,0.0,23.0
438.25,0.0,23.5
438.5,143.25,24.0
438.75,143.25,26.0
439.0,144.5,26.0
439.25,144.5,26.5
439.5,144.5,26.0
439.75,144.25,26.0
440.0,144.25,25.0
440.25,144.5,24.0
440.5,144.25,25.0
440.75,144.25,25.5
441.0,144.25,26.5
441.25,144.25,27.0
441.5,144.25,27.5
441.75,144.5,27.0
442.0,0.0,25.5
442.25,0.0,24.5
442.5,0.0,24.0
442.75,0.0,24.0
443.0,0.0,24.0
443.25,134.5,24.0
443.5,134.5,24.0
443.75,134.5,24.5
444.0,134.5,24.5
444.25,134.5,24.0
444.5,134.5,22.5
444.75,134.25,22.5
445.0,134.25,23.0
445.25,134.25,24.0
445.5,134.25,25.0
445.75,134.5,25.5
446.0,134.5,26.0
446.25,0.0,25.5
446.5,0.0,24.0
446.75,0.0,23.5
447.0,0.0,23.5
447.25,93.75,24.0
447.5,93.75,24.0
447.75,93.75,24.0
448.0,94.0,24.0
448.25,94.0,24.0
448.5,98.25,24.0
448.75,98.25,23.5
449.0,97.25,23.5
449.25,97.25,23.5
449.5,94.5,24.5
449.75,94.5,25.5
450.0,91.75,25.5
450.25,91.75,26.5
450.5,90.75,25.5
450.75,90.75,24.0
451.0,90.75,23.5
451.25,89.5,23.5
451.5,89.5,23.5
451.75,89.5,23.5
452.0,88.25,23.0
452.25,88.25,23.0
452.5,90.75,23.0
452.75,90.75,22.5
453.0,91.0,22.0
453.25,91.0,23.0
453.5,91.0,24.0
453.75,91.25,25.5
454.0,91.25,26.0
454.25,91.25,27.0
454.5,88.5,26.0
454.75,88.5,25.0
455.0,88.5,26.0
455.25,88.5,27.0
455.5,88.5,26.0
455.75,91.0,26.0
456.0,91.0,25.5
456.25,91.0,25.5
456.5,91.25,26.0
456.75,91.25,28.0
457.0,90.25,30.0
457.25,90.25,33.5
457.5,94.25,37.0
457.75,94.25,37.0
458.0,94.25,37.0
458.25,94.5,37.5
458.5,94.25,37.0
458.75,94.25,37.5
459.0,94.25,39.5
459.25,94.25,41.0
459.5,94.5,41.0
459.75,94.5,39.5
460.0,94.5,38.5
460.25,94.25,37.5
460.5,0.0,36.5
460.75,0.0,36.5
461.0,0.0,36.0
461.25,0.0,37.0
461.5,0.0,37.0
461.75,131.5,35.5
462.0,131.5,34.0
462.25,132.0,33.0
462.5,132.0,32.0
462.75,132.75,30.5
463.0,133.25,30.5
463.25,133.25,30.5
463.5,134.0,29.5
463.75,134.0,28.5
464.0,134.25,27.0
464.25,135.75,26.5
464.5,135.75,26.0
464.75,135.0,26.5
465.0,135.0,25.5
465.25,135.75,26.0
465.5,135.75,25.5
465.75,135.75,25.5
466.0,135.75,26.0
466.25,135.0,27.0
466.5,133.5,25.0
466.75,133.5,24.5
467.0,134.5,24.5
467.25,134.5,24.5
467.5,135.0,24.0
467.75,135.0,24.0
468.0,135.5,23.5
468.25,135.5,22.5
468.5,135.0,23.0
468.75,134.25,23.5
469.0,134.25,24.0
469.25,133.25,22.5
469.5,133.25,23.0
469.75,133.5,26.0
470.0,133.5,35.0
470.25,134.0,40.5
470.5,134.0,39.5
470.75,134.25,40.0
471.0,136.25,40.0
471.25,136.25,35.5
471.5,135.75,35.5
471.75,135.75,36.0
472.0,135.25,35.5
472.25,135.25,36.0
472.5,135.75,37.5
472.75,136.25,36.5
473.0,136.25,34.0
473.25,136.25,30.0
473.5,135.25,27.5
473.75,135.0,26.5
474.0,135.0,25.5
474.25,135.0,25.5
474.5,133.75,27.0
474.75,133.75,27.5
475.0,129.5,27.0
475.25,129.0,25.5
475.5,129.0,23.5
475.75,128.5,23.5
476.0,128.5,25.5
476.25,128.5,27.0
476.5,128.5,26.5
476.75,127.75,25.5
477.0,127.75,25.0
477.25,127.25,24.5
477.5,127.25,24.0
477.75,126.25,26.0
478.0,126.25,27.0
478.25,126.75,26.0
478.5,126.75,25.0
478.75,125.75,24.5
479.0,125.75,24.0
479.25,126.0,25.5
479.5,126.75,25.5
479.75,126.75,25.0
480.0,128.0,25.0
480.25,128.0,25.0
480.5,128.0,25.0
480.75,128.0,24.5
481.0,127.25,25.5
481.25,127.25,27.0
481.5,127.25,26.5
481.75,127.25,26.0
482.0,127.25,26.0
482.25,127.25,25.5
482.5,127.5,26.0
482.75,127.5,25.0
483.0,128.0,25.5
483.25,128.25,25.5
483.5,128.25,26.0
483.75,128.25,27.0
484.0,128.25,27.5
484.25,129.5,29.0
484.5,129.5,29.5
484.75,130.25,29.0
485.0,130.25,28.0
485.25,131.5,27.5
485.5,131.5,27.0
485.75,131.25,26.5
486.0,131.5,26.0
486.25,131.5,26.0
486.5,132.0,26.5
486.75,132.0,26.5
487.0,132.75,25.5
487.25,132.75,23.0
487.5,133.75,22.0
487.75,135.75,21.0
488.0,135.75,20.5
488.25,135.75,20.5
488.5,135.75,20.5
488.75,136.75,21.0
489.0,136.75,21.5
489.25,137.0,21.0
489.5,137.0,22.0
489.75,136.75,22.0
490.0,136.75,21.5
490.25,136.75,21.0
490.5,136.75,21.5
490.75,136.75,21.0
491.0,137.5,21.5
491.25,137.5,21.5
491.5,136.25,21.5
491.75,138.25,23.0
492.0,138.25,23.5
492.25,138.5,24.5
492.5,138.5,24.5
492.75,138.0,23.0
493.0,137.5,23.5
493.25,137.5,23.5
493.5,137.0,24.0
493.75,137.0,23.0
494.0,136.0,25.0
494.25,136.0,27.5
494.5,135.75,31.0
494.75,136.75,33.0
495.0,136.75,32.5
495.25,136.5,30.5
495.5,136.5,30.0
495.75,136.25,29.5
496.0,136.25,29.5
496.25,136.25,30.5
496.5,136.25,33.5
496.75,135.75,35.0
497.0,135.75,35.0
497.25,135.75,33.0
497.5,135.75,31.0
497.75,135.75,31.0
498.0,135.75,31.0
498.25,135.75,31.0
498.5,135.75,31.0
498.75,135.75,33.0
499.0,135.75,34.0
499.25,135.5,37.0
499.5,135.5,34.5
499.75,136.0,33.5
500.0,136.0,33.5
500.25,135.5,34.0
500.5,135.5,38.5
500.75,135.0,41.0
501.0,136.0,42.5
501.25,136.0,43.0
501.5,134.75,45.5
501.75,134.75,49.0
502.0,135.25,48.5
502.25,135.75,48.5
502.5,135.75,46.0
502.75,138.5,46.0
503.0,138.5,50.0
503.25,138.25,46.0
503.5,138.25,46.5
503.75,142.5,45.0
504.0,139.0,45.5
504.25,139.0,44.5
504.5,140.75,40.0
504.75,140.75,37.0
505.0,142.75,35.0
505.25,142.75,34.0
505.5,142.75,34.5
505.75,142.5,35.5
506.0,142.5,33.5
506.25,142.5,32.5
506.5,142.5,31.5
506.75,142.75,30.0
507.0,142.75,29.0
507.25,142.75,27.5
507.5,142.75,27.5
507.75,142.75,30.5
508.0,142.75,32.5
508.25,141.5,32.5
508.5,141.5,31.5
508.75,142.5,29.5
509.0,142.5,29.0
509.25,141.25,29.5
509.5,141.75,30.5
509.75,141.75,30.0
510.0,140.0,31.0
510.25,140.0,32.5
510.5,140.75,31.5
510.75,140.25,30.5
511.0,140.25,30.0
511.25,139.75,28.5
511.5,139.75,28.5
511.75,139.5,30.5
512.0,139.5,32.0
512.25,137.5,32.0
512.5,137.5,32.0
512.75,137.5,31.5
513.0,136.75,32.0
513.25,136.75,33.5
513.5,137.5,33.0
513.75,137.5,32.0
514.0,137.5,31.5
514.25,137.5,31.5
514.5,137.5,32.0
514.75,137.0,31.0
515.0,137.0,31.0
515.25,137.25,30.5
515.5,137.25,31.5
515.75,137.5,31.0
516.0,137.5,30.5
516.25,133.75,30.5
516.5,136.0,30.0
516.75,136.0,29.5
517.0,135.0,28.5
517.25,135.0,28.0
517.5,134.5,30.5
517.75,134.5,30.5
518.0,134.75,30.0
518.25,134.5,31.5
518.5,134.5,31.5
518.75,134.75,30.5
519.0,134.75,29.5
519.25,134.75,30.0
519.5,134.75,30.0
519.75,134.25,30.5
520.0,134.25,30.5
520.25,133.5,31.5
520.5,133.5,32.5
520.75,133.5,32.5
521.0,132.75,31.5
521.25,132.75,31.0
521.5,132.75,31.0
521.75,132.75,31.0
522.0,134.25,30.5
522.25,134.0,31.0
522.5,134.0,33.0
522.75,133.5,33.5
523.0,133.5,33.0
523.25,133.25,33.0
523.5,133.25,33.0
523.75,133.0,32.5
524.0,133.0,31.5
524.25,133.5,33.5
524.5,135.25,32.5
524.75,135.25,32.5
525.0,135.5,33.0
525.25,135.5,33.0
525.5,135.0,33.0
525.75,135.0,32.5
526.0,133.5,32.5
526.25,133.5,31.0
526.5,133.5,30.5
526.75,133.5,29.5
527.0,133.5,30.5
527.25,134.25,32.5
527.5,134.25,30.5
527.75,134.75,30.0
528.0,134.75,30.5
528.25,134.75,30.5
528.5,134.75,30.5
528.75,133.5,31.0
529.0,133.75,31.5
529.25,133.75,31.0
529.5,133.5,31.5
529.75,133.5,31.5
530.0,134.0,30.5
530.25,134.0,31.0
530.5,133.25,31.0
530.75,133.25,32.0
531.0,132.5,33.0
531.25,133.0,31.5
531.5,133.0,31.5
531.75,133.25,32.0
532.0,133.25,32.0
532.25,133.25,32.0
532.5,133.25,29.0
532.75,133.5,28.5
533.0,133.5,29.5
533.25,133.25,29.5
533.5,133.25,29.5
533.75,133.25,29.5
534.0,133.5,30.0
534.25,133.5,28.5
534.5,133.5,27.0
534.75,0.0,27.0
535.0,0.0,26.5
535.25,0.0,28.0
535.5,0.0,28.5
535.75,0.0,28.0
536.0,0.0,27.0
536.25,0.0,26.0
536.5,0.0,25.0
536.75,0.0,24.0
537.0,0.0,26.0
537.25,0.0,27.0
537.5,0.0,26.0
537.75,0.0,23.5
538.0,0.0,24.0
538.25,0.0,24.0
538.5,0.0,23.0
538.75,0.0,23.0
539.0,0.0,24.0
539.25,0.0,24.5
539.5,0.0,24.0
539.75,0.0,23.5
540.0,0.0,23.5
540.25,0.0,23.5
540.5,0.0,24.0
540.75,100.5,24.0
541.0,100.5,24.5
541.25,100.5,24.0
541.5,101.25,23.5
541.75,101.25,23.5
542.0,101.25,23.5
542.25,101.25,23.5
542.5,101.25,24.5
542.75,101.25,25.0
543.0,101.25,25.0
543.25,101.25,24.5
543.5,101.25,24.0
543.75,101.25,24.0
544.0,101.25,23.5
544.25,101.25,24.0
544.5,101.25,24.0
544.75,101.5,24.0
545.0,101.5,24.0
545.25,0.0,23.0
545.5,0.0,23.0
545.75,0.0,22.5
546.0,0.0,23.0
546.25,0.0,23.5
546.5,0.0,23.5
546.75,0.0,22.5
547.0,0.0,22.5
547.25,0.0,22.5
547.5,0.0,23.0
547.75,0.0,23.0
548.0,0.0,24.0
548.25,0.0,24.0
548.5,0.0,23.5
548.75,0.0,23.0
549.0,134.25,23.0
549.25,134.25,23.0
549.5,135.25,23.5
549.75,135.25,24.0
550.0,133.5,24.0
550.25,133.5,23.5
550.5,133.75,23.5
550.75,133.75,24.0
551.0,134.25,24.0
551.25,135.0,24.0
551.5,135.0,24.0
551.75,134.5,24.5
552.0,134.5,25.0
552.25,134.25,24.5
552.5,134.25,24.0
552.75,134.75,24.0
553.0,137.25,24.5
553.25,137.25,25.0
553.5,136.75,24.5
553.75,136.75,24.5
554.0,136.5,24.0
554.25,136.5,24.0
554.5,135.75,23.5
554.75,135.5,23.5
555.0,135.5,23.5
555.25,135.5,23.5
555.5,135.5,23.5
555.75,135.75,23.5
556.0,135.75,23.5
556.25,135.75,23.0
556.5,135.75,23.0
556.75,135.75,22.5
557.0,135.75,22.5
557.25,135.75,22.5
557.5,135.75,23.0
557.75,135.75,22.0
558.0,135.75,22.0
558.25,135.75,22.0
558.5,135.75,22.5
558.75,135.75,23.0
559.0,135.75,23.0
559.25,136.0,22.5
559.5,136.0,22.5
559.75,0.0,22.5
560.0,0.0,22.5
560.25,0.0,22.5
560.5,0.0,22.5
560.75,0.0,22.5
561.0,133.0,22.5
561.25,132.5,22.0
561.5,132.5,22.0
561.75,132.75,22.0
562.0,132.75,22.0
562.25,132.75,22.0
562.5,132.75,22.5
562.75,133.25,22.5
563.0,133.25,22.5
563.25,132.5,22.5
563.5,133.0,23.0
563.75,133.0,23.0
564.0,133.25,24.0
564.25,133.25,25.0
564.5,133.75,24.0
564.75,133.75,24.0
565.0,134.25,23.5
565.25,134.25,24.0
565.5,134.75,24.5
565.75,135.5,25.0
566.0,135.5,25.5
566.25,135.75,25.5
566.5,135.75,25.5
566.75,136.75,25.5
567.0,136.75,25.5
567.25,134.75,23.5
567.5,139.0,23.5
567.75,139.0,24.5
568.0,135.75,25.0
568.25,135.75,25.5
568.5,136.25,26.0
568.75,136.25,25.5
569.0,137.25,25.5
569.25,138.75,25.0
569.5,138.75,24.5
569.75,137.25,24.5
570.0,137.25,25.5
570.25,138.5,26.5
570.5,138.5,27.0
570.75,140.75,27.0
571.0,139.5,26.5
571.25,139.5,26.5
571.5,139.25,27.0
571.75,139.25,28.5
572.0,139.25,28.5
572.25,139.0,28.0
572.5,139.0,27.5
572.75,139.75,27.5
573.0,139.75,28.5
573.25,137.5,28.5
573.5,137.5,28.5
573.75,137.75,28.5
574.0,136.5,28.5
574.25,136.5,28.5
574.5,136.5,28.5
574.75,136.5,28.0
575.0,136.25,27.5
575.25,136.25,27.0
575.5,137.25,26.5
575.75,136.0,25.5
576.0,136.0,25.0
576.25,138.0,25.0
576.5,138.0,26.0
576.75,138.25,25.0
577.0,138.25,25.5
577.25,136.0,25.5
577.5,137.0,25.5
577.75,137.0,25.0
578.0,136.5,24.5
578.25,136.5,25.0
578.5,137.0,25.0
578.75,137.0,26.0
579.0,136.25,27.5
579.25,136.25,27.0
579.5,136.25,26.5
579.75,138.25,27.5
580.0,138.25,28.0
580.25,137.75,27.5
580.5,137.75,27.5
580.75,138.25,28.0
581.0,138.0,28.5
581.25,138.0,28.5
581.5,137.5,28.5
581.75,137.5,28.5
582.0,137.75,28.0
582.25,137.5,27.5
582.5,137.5,29.0
582.75,137.25,29.5
583.0,137.25,30.0
583.25,136.75,30.0
583.5,136.75,32.5
583.75,141.75,31.5
584.0,141.75,30.5
584.25,141.75,30.0
584.5,130.75,30.0
584.75,130.75,29.0
585.0,130.75,31.5
585.25,130.75,35.0
585.5,130.5,38.0
585.75,130.5,37.5
586.0,130.5,40.0
586.25,130.5,36.5
586.5,130.5,36.5
586.75,130.5,38.5
587.0,130.5,35.5
587.25,130.5,36.0
587.5,130.5,33.0
587.75,130.5,34.5
588.0,130.25,34.0
588.25,130.25,32.5
588.5,130.25,33.0
588.75,142.25,31.0
589.0,142.0,30.0
589.25,142.0,26.0
589.5,143.5,25.5
589.75,143.5,24.5
590.0,144.0,23.5
590.25,143.75,22.5
590.5,143.75,23.0
590.75,143.75,22.5
591.0,143.75,21.5
591.25,143.75,21.0
591.5,144.0,21.0
591.75,144.0,20.0
592.0,143.75,20.5
592.25,143.75,22.0
592.5,144.25,21.0
592.75,144.25,23.5
593.0,144.0,22.0
593.25,144.0,23.0
593.5,144.0,22.0
593.75,143.75,22.0
594.0,143.75,22.0
594.25,143.75,22.0
594.5,146.75,23.0
594.75,146.75,23.5
595.0,145.0,24.0
595.25,143.75,22.0
595.5,143.75,20.5
595.75,145.0,21.5
596.0,145.0,21.5
596.25,144.25,21.5
596.5,144.25,21.5
596.75,144.25,20.5
597.0,144.25,21.0
597.25,144.25,21.0
597.5,144.25,20.5
597.75,144.25,20.5
598.0,144.5,20.5
598.25,144.5,20.0
598.5,149.0,20.5
598.75,149.25,21.5
599.0,149.25,22.0
599.25,149.0,23.0
599.5,150.0,23.0
599.75,150.0,23.5
600.0,150.0,23.5
600.25,148.75,23.0
600.5,148.75,22.0
600.75,149.0,23.0
601.0,149.0,24.0
601.25,152.0,25.0
601.5,150.0,25.5
601.75,150.0,26.0
602.0,151.0,26.0
602.25,152.0,25.5
602.5,152.0,26.0
602.75,154.25,28.5
603.0,154.25,27.0
603.25,154.25,27.0
603.5,153.0,26.0
603.75,153.0,26.5
604.0,154.25,26.0
604.25,153.75,26.0
604.5,153.75,26.0
604.75,153.75,27.0
605.0,154.0,27.5
605.25,154.0,27.5
605.5,154.5,26.5
605.75,152.5,25.5
606.0,152.5,25.0
606.25,153.0,25.0
606.5,151.25,25.5
606.75,151.25,26.0
607.0,152.5,26.0
607.25,152.5,26.0
607.5,154.0,26.0
607.75,152.0,26.0
608.0,152.0,25.0
608.25,151.5,24.0
608.5,152.25,24.5
608.75,152.25,24.5
609.0,153.25,24.5
609.25,153.25,24.5
609.5,152.5,24.0
609.75,151.5,23.0
610.0,151.5,22.0
610.25,151.75,21.5
610.5,151.25,21.0
610.75,151.25,21.5
611.0,151.25,21.5
611.25,151.25,21.5
611.5,151.25,21.5
611.75,150.75,21.5
612.0,150.75,21.5
612.25,151.75,21.0
612.5,151.5,21.5
612.75,151.5,22.0
613.0,151.25,24.0
613.25,151.25,23.5
613.5,151.25,24.0
613.75,151.25,24.5
614.0,151.25,24.5
614.25,151.25,24.0
614.5,151.5,23.5
614.75,151.5,23.0
615.0,145.0,22.5
615.25,145.0,21.5
615.5,143.75,21.0
615.75,143.0,20.5
616.0,143.0,20.0
616.25,141.0,19.5
616.5,141.0,19.5
616.75,138.25,19.0
617.0,138.25,19.0
617.25,135.75,18.0
617.5,135.75,18.0
617.75,135.0,17.5
618.0,133.25,18.0
618.25,133.25,18.0
618.5,132.25,18.0
618.75,132.25,18.5
619.0,133.5,18.5
619.25,133.5,19.0
619.5,133.75,18.5
619.75,133.75,18.0
620.0,134.25,18.0
620.25,135.25,17.5
620.5,135.25,18.0
620.75,136.0,18.0
621.0,136.0,18.5
621.25,135.75,18.5
621.5,135.75,18.5
621.75,137.0,18.5
622.0,136.25,18.5
622.25,136.25,18.0
622.5,134.0,17.5
622.75,134.0,17.5
623.0,129.75,17.5
623.25,129.75,17.5
623.5,126.5,18.0
623.75,126.5,18.5
624.0,125.5,19.5
624.25,125.5,19.5
624.5,125.5,19.0
624.75,122.0,20.0
625.0,122.0,20.0
625.25,123.0,20.0
625.5,123.0,21.0
625.75,122.5,21.0
626.0,122.5,21.5
626.25,122.5,22.0
626.5,123.75,22.0
626.75,124.25,22.5
627.0,124.25,22.5
627.25,124.5,21.5
627.5,124.5,22.0
627.75,122.0,24.5
628.0,122.0,26.0
628.25,122.0,23.5
628.5,122.0,23.0
628.75,122.0,22.5
629.0,122.0,23.0
629.25,122.0,24.0
629.5,122.0,24.5
629.75,122.0,24.5
630.0,122.0,24.5
630.25,122.0,24.0
630.5,0.0,24.0
630.75,0.0,23.0
631.0,0.0,23.0
631.25,0.0,22.5
631.5,0.0,22.5
631.75,0.0,22.0
632.0,0.0,22.0
632.25,0.0,21.5
632.5,0.0,21.0
632.75,0.0,21.0
633.0,124.5,20.5
633.25,124.5,20.0
633.5,125.0,20.0
633.75,125.0,20.5
634.0,125.25,21.0
634.25,125.25,21.5
634.5,125.25,21.5
634.75,125.25,22.0
635.0,125.25,22.0
635.25,125.25,22.5
635.5,125.25,22.0
635.75,125.25,22.0
636.0,125.25,22.5
636.25,125.25,22.0
636.5,125.25,22.0
636.75,125.25,22.0
637.0,125.25,22.0
637.25,0.0,21.5
637.5,0.0,21.0
637.75,0.0,21.0
638.0,0.0,21.0
638.25,0.0,21.0
638.5,0.0,21.0
638.75,131.0,21.0
639.0,131.0,21.0
639.25,132.25,21.0
639.5,132.25,21.0
639.75,132.75,21.0
640.0,133.25,21.5
640.25,133.25,22.0
640.5,135.0,22.0
640.75,135.0,22.0
641.0,134.75,22.5
641.25,134.75,22.5
641.5,134.25,22.5
641.75,134.25,23.0
642.0,135.75,23.5
642.25,134.5,23.5
642.5,134.5,23.5
642.75,133.75,23.5
643.0,133.75,24.0
643.25,136.0,24.5
643.5,136.0,24.0
643.75,135.0,23.5
644.0,135.0,23.5
644.25,135.0,23.5
644.5,135.25,23.5
644.75,135.25,23.5
645.0,134.25,23.5
645.25,134.25,23.0
645.5,133.75,23.0
645.75,133.0,23.5
646.0,133.0,23.5
646.25,133.0,24.0
646.5,133.25,24.5
646.75,133.25,25.0
647.0,134.25,25.5
647.25,134.25,26.0
647.5,135.25,27.0
647.75,135.25,27.0
648.0,135.25,26.5
648.25,135.25,26.5
648.5,136.25,26.5
648.75,136.75,26.0
649.0,136.75,26.0
649.25,136.5,26.0
649.5,136.0,25.5
649.75,136.0,25.5
650.0,137.25,25.0
650.25,137.25,24.5
650.5,137.5,24.5
650.75,137.5,24.5
651.0,138.0,24.5
651.25,138.5,25.0
651.5,138.5,25.0
651.75,139.0,25.5
652.0,139.0,25.5
652.25,138.5,24.5
652.5,138.5,24.5
652.75,138.25,26.0
653.0,138.0,26.5
653.25,138.0,27.0
653.5,137.75,27.5
653.75,137.75,27.5
654.0,137.5,27.0
654.25,137.0,26.5
654.5,137.0,26.0
654.75,137.0,26.0
655.0,137.0,26.0
655.25,136.75,26.5
655.5,136.75,27.0
655.75,137.0,27.0
656.0,137.0,27.5
656.25,136.75,27.0
656.5,136.75,26.5
656.75,136.75,27.0
657.0,135.75,27.0
657.25,135.75,26.5
657.5,137.25,26.0
657.75,137.25,26.0
658.0,134.25,25.5
658.25,135.75,25.0
658.5,135.75,25.5
658.75,135.75,25.5
659.0,135.75,25.0
659.25,135.5,25.0
659.5,135.5,24.0
659.75,137.5,23.0
660.0,138.5,22.0
660.25,138.5,22.0
660.5,137.5,24.0
660.75,137.5,23.5
661.0,137.5,23.5
661.25,137.5,23.5
661.5,138.0,23.5
661.75,137.5,23.5
662.0,137.5,23.5
662.25,136.75,24.5
662.5,136.75,24.5
662.75,137.0,24.5
663.0,137.0,25.5
663.25,137.25,25.0
663.5,138.25,25.5
663.75,138.25,25.0
664.0,139.5,25.5
664.25,139.5,24.0
664.5,140.25,26.0
664.75,141.0,25.0
665.0,141.0,25.5
665.25,141.5,23.5
665.5,141.5,26.5
665.75,140.25,24.5
666.0,140.25,26.5
666.25,141.75,26.0
666.5,142.25,25.5
666.75,142.25,27.0
667.0,141.5,24.5
667.25,141.5,26.0
667.5,141.75,25.5
667.75,142.25,27.5
668.0,142.25,25.5
668.25,142.5,27.0
668.5,142.5,27.0
668.75,143.0,29.0
669.0,143.5,28.0
669.25,143.5,27.0
669.5,143.25,27.5
669.75,143.25,27.5
670.0,142.0,28.0
670.25,143.25,28.5
670.5,143.25,29.0
670.75,144.0,29.0
671.0,144.0,29.5
671.25,144.25,30.5
671.5,143.75,30.0
671.75,143.75,29.0
672.0,143.25,27.5
672.25,143.25,27.5
672.5,143.25,27.5
672.75,143.5,28.0
673.0,143.5,29.0
673.25,143.25,29.0
673.5,143.25,28.5
673.75,142.75,27.5
674.0,142.75,27.5
674.25,140.75,27.5
674.5,140.75,28.0
674.75,142.0,28.5
675.0,142.0,29.0
675.25,141.0,29.5
675.5,140.0,30.5
675.75,140.0,30.0
676.0,140.75,29.5
676.25,140.75,28.0
676.5,140.0,27.5
676.75,140.0,28.5
677.0,139.75,29.0
677.25,140.5,30.5
677.5,140.5,30.0
677.75,140.75,30.0
678.0,140.75,30.0
678.25,140.75,29.0
678.5,139.5,29.0
678.75,139.5,29.5
679.0,140.75,30.5
679.25,140.75,31.0
679.5,140.75,32.0
679.75,140.5,32.5
680.0,140.5,32.0
680.25,140.75,31.0
680.5,140.75,30.0
680.75,139.75,29.5
681.0,139.75,29.0
681.25,140.0,28.5
681.5,140.75,30.5
681.75,140.75,31.0
682.0,140.25,30.5
682.25,140.25,30.5
682.5,140.25,30.5
682.75,140.25,30.0
683.0,140.25,29.5
683.25,139.75,30.5
683.5,139.75,31.5
683.75,139.5,31.5
684.0,139.5,32.0
684.25,142.0,32.5
684.5,141.0,31.5
684.75,141.0,31.5
685.0,140.75,31.5
685.25,140.75,31.0
685.5,141.5,31.0
685.75,142.75,30.5
686.0,142.75,30.0
686.25,143.25,29.5
686.5,143.25,30.5
686.75,142.75,30.0
687.0,143.0,30.0
687.25,143.0,30.0
687.5,143.0,30.0
687.75,143.0,30.0
688.0,143.25,30.0
688.25,143.25,30.0
688.5,143.25,30.0
688.75,142.75,29.5
689.0,142.75,30.0
689.25,142.5,30.5
689.5,143.25,30.5
689.75,143.25,30.5
690.0,141.75,31.0
690.25,141.75,30.5
690.5,142.75,30.5
690.75,143.5,29.5
691.0,143.5,29.5
691.25,143.75,29.5
691.5,143.75,29.0
691.75,143.25,28.5
692.0,142.75,28.0
692.25,142.75,28.0
692.5,142.75,28.5
692.75,142.75,29.0
693.0,143.25,29.0
693.25,143.0,28.5
693.5,143.0,29.0
693.75,143.5,28.5
694.0,143.5,28.5
694.25,142.5,30.0
694.5,142.75,31.5
694.75,142.75,32.0
695.0,143.0,32.5
695.25,143.0,33.5
695.5,141.75,34.0
695.75,141.75,34.5
696.0,140.75,35.0
696.25,142.25,34.5
696.5,142.25,34.5
696.75,141.25,34.0
697.0,141.25,34.5
697.25,141.5,35.5
697.5,139.75,35.5
697.75,139.75,35.0
698.0,140.0,34.5
698.25,140.0,33.5
698.5,140.75,33.0
698.75,140.75,33.0
699.0,139.5,33.0
699.25,139.25,34.5
699.5,139.25,34.5
699.75,139.25,35.0
700.0,139.25,35.0
700.25,140.25,35.0
700.5,140.25,34.5
700.75,139.25,34.5
701.0,139.25,34.5
701.25,140.75,34.0
701.5,140.75,33.5
701.75,140.25,33.5
702.0,139.75,33.5
702.25,139.75,33.5
702.5,138.25,33.0
702.75,138.25,32.5
703.0,139.0,32.0
703.25,139.0,31.5
703.5,138.5,31.5
703.75,138.5,31.5
704.0,139.0,32.5
704.25,138.75,32.0
704.5,138.75,32.0
704.75,138.75,32.0
705.0,136.5,32.5
705.25,138.25,32.5
705.5,138.25,32.0
705.75,138.5,32.5
706.0,138.5,32.5
706.25,138.5,32.5
706.5,138.5,32.5
706.75,137.5,32.5
707.0,137.5,32.0
707.25,138.0,32.0
707.5,138.75,32.0
707.75,138.75,32.0
708.0,138.5,32.5
708.25,138.5,33.0
708.5,139.5,33.5
708.75,140.0,34.0
709.0,140.0,34.5
709.25,140.25,34.5
709.5,140.25,33.0
709.75,140.0,34.0
710.0,140.25,34.5
710.25,140.25,34.5
710.5,139.5,35.0
710.75,139.5,34.5
711.0,140.25,34.5
711.25,140.75,34.0
711.5,140.75,33.5
711.75,141.5,33.0
712.0,141.5,32.5
712.25,142.0,32.5
712.5,142.0,33.0
712.75,143.0,34.0
713.0,143.25,34.5
713.25,143.25,34.0
713.5,142.0,34.0
713.75,142.0,33.0
714.0,143.5,32.0
714.25,143.5,31.5
714.5,144.25,31.0
714.75,144.25,30.5
715.0,143.75,31.0
715.25,142.25,30.0
715.5,142.25,34.0
715.75,144.5,31.0
716.0,144.5,33.0
716.25,144.25,31.0
716.5,144.5,29.0
716.75,144.5,30.5
717.0,144.75,28.0
717.25,144.75,31.0
717.5,144.75,28.5
717.75,143.0,33.5
718.0,145.75,27.0
718.25,145.75,34.5
718.5,145.75,25.5
718.75,145.75,32.0
719.0,145.75,26.0
719.25,146.0,32.5
719.5,146.0,26.0
719.75,146.0,33.0
720.0,143.25,27.5
720.25,143.25,29.5
720.5,144.0,29.0
720.75,144.0,27.0
721.0,144.5,31.0
721.25,144.0,28.0
721.5,144.0,29.0
721.75,144.0,26.0
722.0,144.0,30.0
722.25,143.5,24.0
722.5,143.5,31.5
722.75,143.25,24.0
723.0,142.75,30.5
723.25,142.75,23.5
723.5,143.25,30.5
723.75,143.25,24.0
724.0,143.25,29.5
724.25,143.25,28.0
724.5,143.25,28.5
724.75,142.25,29.0
725.0,142.25,25.0
725.25,142.0,28.0
725.5,143.25,27.0
725.75,143.25,30.5
726.0,142.0,25.5
726.25,142.0,31.5
726.5,140.75,25.0
726.75,142.0,30.5
727.0,142.0,25.5
727.25,140.75,30.5
727.5,140.75,25.5
727.75,139.75,29.0
728.0,140.5,27.0
728.25,140.5,27.5
728.5,141.25,29.5
728.75,141.25,26.0
729.0,140.0,31.0
729.25,140.0,25.5
729.5,139.25,30.0
729.75,139.0,25.0
730.0,139.0,31.0
730.25,139.5,25.0
730.5,139.5,30.0
730.75,139.25,27.0
731.0,139.25,28.5
731.25,140.0,26.0
731.5,139.0,29.0
731.75,139.0,29.0
732.0,139.5,27.0
732.25,139.5,31.0
732.5,139.75,25.0
732.75,141.5,32.0
733.0,141.5,25.0
733.25,141.0,31.5
733.5,141.0,24.5
733.75,141.75,31.0
734.0,140.75,26.0
734.25,140.75,28.0
734.5,141.5,28.5
734.75,141.5,26.0
735.0,142.0,30.5
735.25,141.25,26.0
735.5,141.25,29.5
735.75,142.0,24.5
736.0,142.0,30.5
736.25,142.0,24.0
736.5,143.25,30.5
736.75,143.25,26.5
737.0,142.75,29.5
737.25,142.75,26.5
737.5,145.0,30.0
737.75,144.25,29.0
738.0,144.25,27.5
738.25,143.75,31.5
738.5,143.75,26.0
738.75,143.5,33.0
739.0,143.75,25.5
739.25,143.75,32.0
739.5,144.5,25.0
739.75,144.5,31.0
740.0,144.25,26.0
740.25,143.5,30.5
740.5,143.5,27.0
740.75,144.75,27.0
741.0,144.75,28.5
741.25,144.75,27.5
741.5,143.75,27.0
741.75,143.75,25.0
742.0,142.25,28.5
742.25,142.25,23.0
742.5,144.5,30.0
742.75,144.0,23.0
743.0,144.0,29.0
743.25,143.5,22.5
743.5,143.5,29.5
743.75,142.25,23.5
744.0,142.0,27.5
744.25,142.0,25.5
744.5,143.5,26.0
744.75,143.5,27.5
745.0,143.5,23.5
745.25,142.25,26.0
745.5,142.25,24.0
745.75,142.0,26.5
746.0,142.0,22.0
746.25,141.75,28.5
746.5,141.75,21.5
746.75,144.0,27.5
747.0,144.0,22.0
747.25,145.25,27.0
747.5,145.25,20.0
747.75,144.5,25.5
748.0,144.5,22.0
748.25,145.25,23.0
748.5,145.25,23.5
748.75,145.25,21.5
749.0,146.25,26.5
749.25,146.25,21.5
749.5,148.25,24.0
749.75,149.0,20.0
750.0,149.0,25.5
750.25,149.0,20.0
750.5,149.0,24.5
750.75,150.25,20.5
751.0,150.25,22.0
751.25,150.25,22.0
751.5,151.75,23.0
751.75,152.5,23.5
752.0,152.5,23.5
752.25,152.75,24.0
752.5,152.75,24.5
752.75,152.25,24.0
753.0,152.0,23.5
753.25,152.0,23.0
753.5,152.5,23.0
753.75,152.5,22.0
754.0,152.25,22.0
754.25,152.25,22.0
754.5,152.25,22.0
754.75,151.75,22.5
755.0,151.75,22.0
755.25,151.0,22.0
755.5,150.0,21.0
755.75,150.0,20.0
756.0,149.5,20.0
756.25,148.0,21.0
756.5,148.0,21.5
756.75,147.0,22.0
757.0,147.0,21.5
757.25,147.0,21.0
757.5,147.0,20.0
757.75,143.75,20.0
758.0,144.25,19.5
758.25,144.25,19.5
758.5,143.0,19.5
758.75,143.0,20.0
759.0,142.5,20.5
759.25,142.0,21.0
759.5,142.0,21.0
759.75,141.75,21.5
760.0,141.75,21.0
760.25,143.0,21.0
760.5,143.5,21.0
760.75,143.5,20.5
761.0,145.25,19.5
761.25,145.25,21.0
761.5,146.5,20.5
761.75,146.5,20.0
762.0,145.25,19.5
762.25,145.25,19.0
762.5,146.5,18.0
762.75,146.5,17.5
763.0,147.25,17.0
763.25,147.25,17.0
763.5,148.25,18.0
763.75,150.5,18.5
764.0,150.5,19.0
764.25,150.75,20.0
764.5,150.75,20.0
764.75,150.75,20.0
765.0,151.0,18.5
765.25,151.0,20.0
765.5,152.0,20.5
765.75,151.75,21.0
766.0,151.75,21.5
766.25,150.75,21.5
766.5,149.5,21.0
766.75,149.5,20.5
767.0,148.25,20.0
767.25,148.25,19.0
767.5,146.75,19.0
767.75,145.25,19.5
768.0,145.25,19.5
768.25,142.75,19.5
768.5,142.75,19.5
768.75,140.75,19.5
769.0,140.75,19.5
769.25,139.5,18.5
769.5,139.5,19.0
769.75,138.25,19.0
770.0,137.5,18.5
770.25,137.5,18.0
770.5,136.75,18.0
770.75,136.75,18.0
771.0,136.0,17.5
771.25,136.0,17.0
771.5,136.0,17.0
771.75,134.75,16.5
772.0,134.75,16.5
772.25,134.0,16.5
772.5,134.0,16.5
772.75,133.25,16.5
773.0,133.25,16.5
773.25,131.75,15.5
773.5,131.75,15.5
773.75,131.75,15.0
774.0,131.75,15.0
774.25,131.75,15.5
774.5,131.75,15.5
774.75,131.75,16.0
775.0,131.75,15.5
775.25,132.0,15.0
775.5,129.75,15.0
775.75,129.75,15.5
776.0,130.25,16.0
776.25,130.25,16.0
776.5,130.0,17.0
776.75,130.0,17.5
777.0,130.25,17.5
777.25,129.0,18.0
777.5,129.0,17.5
777.75,127.75,17.5
778.0,127.75,18.0
778.25,128.5,17.5
778.5,128.5,17.5
778.75,129.0,17.5
779.0,129.0,17.5
779.25,128.5,17.0
779.5,128.5,17.0
779.75,128.25,16.5
780.0,128.25,16.0
780.25,128.75,16.0
780.5,128.75,15.5
780.75,129.5,16.0
781.0,129.0,16.0
781.25,129.0,16.5
781.5,130.5,16.5
781.75,130.5,16.0
782.0,131.5,16.0
782.25,131.5,16.0
782.5,131.75,16.0
782.75,131.75,16.0
783.0,132.0,16.0
783.25,132.5,16.0
783.5,132.5,16.0
783.75,133.25,16.0
784.0,133.25,16.0
784.25,133.5,16.0
784.5,133.5,16.0
784.75,133.0,16.0
785.0,133.0,16.5
785.25,135.0,16.0
785.5,135.0,16.0
785.75,134.0,15.5
786.0,134.0,16.0
786.25,135.5,15.5
786.5,135.0,15.5
786.75,135.0,16.0
787.0,135.25,16.5
787.25,135.25,17.0
787.5,135.5,17.0
787.75,135.5,17.0
788.0,135.75,16.5
788.25,137.25,16.5
788.5,137.25,16.5
788.75,137.75,17.0
789.0,137.75,17.5
789.25,136.0,17.5
789.5,136.0,17.5
789.75,135.75,16.5
790.0,137.5,17.0
790.25,137.5,18.0
790.5,137.5,18.0
790.75,137.5,18.0
791.0,137.75,18.0
791.25,137.75,18.0
791.5,138.25,18.0
791.75,138.5,17.5
792.0,138.5,17.5
792.25,138.0,18.0
792.5,138.0,18.0
792.75,138.5,18.5
793.0,138.5,19.0
793.25,138.5,20.0
793.5,139.25,20.5
793.75,139.25,20.5
794.0,139.75,20.0
794.25,139.75,19.5
794.5,141.0,19.0
794.75,139.75,19.0
795.0,139.75,19.0
795.25,138.5,19.5
795.5,138.5,19.5
795.75,140.25,19.5
796.0,140.25,19.0
796.25,140.25,18.5
796.5,140.75,18.0
796.75,140.75,18.5
797.0,140.5,19.0
797.25,140.5,19.5
797.5,140.5,19.5
797.75,140.5,20.0
798.0,140.5,19.5
798.25,140.75,19.0
798.5,140.75,18.5
798.75,141.25,18.5
799.0,141.75,19.0
799.25,141.75,19.0
799.5,140.75,19.0
799.75,140.75,19.0
800.0,141.0,19.0
800.25,141.0,19.5
800.5,141.75,20.0
800.75,141.5,20.5
801.0,141.5,21.0
801.25,142.0,22.0
801.5,142.0,22.5
801.75,141.5,23.0
802.0,141.0,23.0
802.25,141.0,22.0
802.5,141.5,21.0
802.75,141.5,21.0
803.0,141.0,21.0
803.25,141.5,21.0
803.5,141.5,21.0
803.75,142.0,21.5
804.0,142.0,21.0
804.25,141.5,21.0
804.5,142.0,20.0
804.75,142.0,20.0
805.0,142.0,21.0
805.25,142.0,22.0
805.5,141.25,23.0
805.75,141.25,24.0
806.0,141.75,24.5
806.25,142.0,25.0
806.5,142.0,24.0
806.75,142.0,24.0
807.0,142.0,23.5
807.25,142.0,23.5
807.5,142.25,23.5
807.75,142.25,23.5
808.0,142.5,24.0
808.25,142.5,24.0
808.5,142.25,23.5
808.75,142.0,22.0
809.0,142.0,21.0
809.25,142.5,22.0
809.5,142.5,22.5
809.75,142.5,23.0
810.0,143.25,23.5
810.25,143.25,24.5
810.5,143.0,25.0
810.75,143.0,25.5
811.0,143.5,25.0
811.25,143.25,25.5
811.5,143.25,26.0
811.75,143.25,26.5
812.0,143.25,26.5
812.25,143.5,26.0
812.5,144.0,25.5
812.75,144.0,25.5
813.0,144.0,24.5
813.25,144.0,23.5
813.5,144.25,23.5
813.75,144.0,24.0
814.0,144.0,25.0
814.25,145.0,25.5
814.5,145.0,26.5
814.75,145.25,27.5
815.0,145.0,27.0
815.25,145.0,23.5
815.5,145.5,23.5
815.75,145.5,24.5
816.0,146.25,25.5
816.25,146.5,26.0
816.5,146.5,26.0
816.75,146.75,26.0
817.0,146.75,25.5
817.25,146.5,25.0
817.5,147.0,25.0
817.75,147.0,24.0
818.0,146.25,23.5
818.25,147.0,24.0
818.5,147.0,24.0
818.75,146.5,25.0
819.0,146.5,25.5
819.25,146.0,27.0
819.5,147.25,25.5
819.75,147.25,25.0
820.0,146.75,23.5
820.25,146.75,23.0
820.5,145.75,24.0
820.75,147.0,21.0
821.0,147.0,25.0
821.25,145.25,20.5
821.5,143.5,23.5
821.75,143.5,19.0
822.0,147.5,24.5
822.25,147.5,19.0
822.5,146.5,23.0
822.75,147.0,19.5
823.0,147.0,21.0
823.25,146.5,18.5
823.5,146.5,22.0
823.75,146.0,20.0
824.0,146.75,20.0
824.25,146.75,21.5
824.5,147.25,21.0
824.75,147.25,29.0
825.0,146.75,22.0
825.25,146.0,22.5
825.5,146.0,19.5
825.75,145.75,23.0
826.0,145.75,19.5
826.25,147.0,24.0
826.5,146.25,20.5
826.75,146.25,25.0
827.0,146.25,22.5
827.25,146.25,26.0
827.5,144.75,20.0
827.75,146.0,22.5
828.0,146.0,21.0
828.25,145.0,21.5
828.5,145.0,23.0
828.75,144.0,20.5
829.0,144.0,23.5
829.25,144.0,21.0
829.5,143.5,23.0
829.75,145.0,19.0
830.0,145.0,23.5
830.25,144.75,18.0
830.5,144.75,23.0
830.75,145.0,18.5
831.0,144.75,23.0
831.25,144.75,19.5
831.5,144.5,24.0
831.75,144.5,19.5
832.0,144.5,23.0
832.25,144.25,21.0
832.5,144.25,21.0
832.75,144.25,23.0
833.0,144.25,19.5
833.25,144.0,22.0
833.5,144.75,20.5
833.75,144.75,23.5
834.0,144.75,19.0
834.25,144.75,23.5
834.5,145.0,18.5
834.75,144.5,23.5
835.0,144.5,19.0
835.25,143.25,23.5
835.5,143.25,18.5
835.75,143.75,23.5
836.0,144.5,19.5
836.25,144.5,22.0
836.5,144.0,20.0
836.75,144.0,20.5
837.0,143.5,22.0
837.25,142.5,21.0
837.5,142.5,21.0
837.75,143.25,19.5
838.0,143.25,22.0
838.25,143.25,19.0
838.5,143.25,23.0
838.75,143.25,18.5
839.0,142.0,23.0
839.25,142.0,18.5
839.5,143.0,23.0
839.75,142.5,19.0
840.0,142.5,23.0
840.25,142.5,21.0
840.5,142.5,23.0
840.75,142.25,24.5
841.0,142.25,21.5
841.25,142.0,22.0
841.5,143.25,21.5
841.75,143.25,23.0
842.0,144.0,20.5
842.25,144.25,24.5
842.5,144.25,20.0
842.75,143.75,26.5
843.0,143.75,21.5
843.25,143.25,25.5
843.5,144.5,20.0
843.75,144.5,25.0
844.0,145.0,20.5
844.25,145.0,23.5
844.5,144.75,22.0
844.75,144.5,22.0
845.0,144.5,23.5
845.25,144.75,23.0
845.5,144.75,22.0
845.75,145.0,20.5
846.0,145.0,23.5
846.25,145.0,19.5
846.5,145.5,24.0
846.75,145.5,19.5
847.0,144.75,24.0
847.25,146.25,19.5
847.5,146.25,25.0
847.75,145.75,19.5
848.0,145.75,24.0
848.25,145.5,21.0
848.5,145.75,22.5
848.75,145.75,23.5
849.0,144.75,21.5
849.25,144.75,22.5
849.5,145.0,22.5
849.75,144.75,22.5
850.0,144.75,22.0
850.25,144.25,22.0
850.5,144.0,22.5
850.75,144.0,23.5
851.0,143.5,23.5
851.25,143.5,23.5
851.5,143.25,23.5
851.75,143.25,23.5
852.0,143.25,24.0
852.25,142.75,24.0
852.5,142.75,24.0
852.75,142.0,24.0
853.0,142.0,24.0
853.25,142.5,23.0
853.5,144.25,23.5
853.75,144.25,23.5
854.0,144.0,23.0
854.25,144.0,22.0
854.5,145.5,21.0
854.75,144.25,20.0
855.0,144.25,19.5
855.25,145.0,19.0
855.5,145.0,18.0
855.75,144.5,18.0
856.0,144.5,17.0
856.25,144.5,17.0
856.5,144.25,16.5
856.75,144.25,16.5
857.0,145.0,16.0
857.25,145.75,16.5
857.5,145.75,17.0
857.75,146.0,17.5
858.0,145.0,18.0
858.25,145.0,18.0
858.5,145.75,18.5
858.75,145.75,18.0
859.0,145.0,17.5
859.25,144.0,18.0
859.5,144.0,18.0
859.75,146.0,18.5
860.0,146.0,18.5
860.25,147.0,19.0
860.5,145.75,18.5
860.75,145.75,18.0
861.0,144.0,18.0
861.25,144.0,18.0
861.5,144.0,18.5
861.75,144.0,19.0
862.0,144.0,19.0
862.25,144.25,19.5
862.5,144.25,19.5
862.75,144.25,19.5
863.0,146.25,18.0
863.25,146.25,18.0
863.5,147.25,18.5
863.75,147.25,19.0
864.0,144.75,19.5
864.25,145.0,19.5
864.5,145.0,19.5
864.75,142.5,19.0
865.0,142.5,20.0
865.25,142.0,20.0
865.5,143.25,21.0
865.75,143.25,21.5
866.0,143.25,22.0
866.25,143.25,22.0
866.5,143.25,21.5
866.75,142.25,21.0
867.0,142.25,20.0
867.25,143.0,21.0
867.5,143.0,22.0
867.75,142.75,23.5
868.0,142.25,23.0
868.25,142.25,22.0
868.5,142.0,20.5
868.75,142.0,20.5
869.0,142.0,20.5
869.25,142.0,20.5
869.5,142.0,20.5
869.75,140.5,21.0
870.0,140.5,21.0
870.25,140.5,21.5
870.5,140.5,21.0
870.75,140.75,20.0
871.0,140.75,20.0
871.25,140.75,21.0
871.5,140.0,21.5
871.75,140.0,21.5
872.0,139.5,22.0
872.25,140.25,22.0
872.5,140.25,21.5
872.75,141.5,21.5
873.0,141.5,22.0
873.25,141.25,22.5
873.5,141.25,23.0
873.75,141.0,23.0
874.0,140.75,23.0
874.25,140.75,23.5
874.5,141.0,23.5
874.75,141.0,22.5
875.0,143.25,23.0
875.25,143.0,23.5
875.5,143.0,23.5
875.75,143.25,23.5
876.0,143.25,23.5
876.25,142.0,23.5
876.5,142.25,23.0
876.75,142.25,23.0
877.0,142.5,23.0
877.25,142.5,23.0
877.5,142.75,23.5
877.75,143.0,23.5
878.0,143.0,23.5
878.25,143.25,23.0
878.5,143.25,23.5
878.75,143.0,24.0
879.0,142.75,24.0
879.25,142.75,24.5
879.5,142.75,24.5
879.75,142.75,25.0
880.0,143.0,25.5
880.25,142.5,25.0
880.5,142.5,25.0
880.75,142.5,24.5
881.0,142.5,25.0
881.25,142.5,26.0
881.5,142.25,26.0
881.75,142.25,26.0
882.0,141.75,26.0
882.25,141.75,26.0
882.5,142.0,26.0
882.75,142.0,26.0
883.0,142.0,25.5
883.25,142.25,25.0
883.5,142.25,25.0
883.75,142.0,26.0
884.0,142.0,27.0
884.25,141.75,28.0
884.5,142.0,29.0
884.75,142.0,29.0
885.0,142.0,29.5
885.25,142.0,28.0
885.5,141.75,27.5
885.75,141.0,29.5
886.0,141.0,30.0
886.25,141.25,30.0
886.5,141.25,30.0
886.75,141.0,29.5
887.0,142.0,29.0
887.25,142.0,27.5
887.5,140.75,27.5
887.75,140.75,26.0
888.0,140.0,26.5
888.25,140.0,25.5
888.5,140.5,24.5
888.75,140.75,24.0
889.0,140.75,23.5
889.25,139.75,23.5
889.5,139.75,22.0
889.75,141.0,22.5
890.0,141.25,21.5
890.25,141.25,20.5
890.5,140.25,21.5
890.75,140.25,21.5
891.0,139.25,21.0
891.25,139.25,21.5
891.5,139.75,21.5
891.75,138.5,21.5
892.0,138.5,21.5
892.25,138.75,21.0
892.5,138.75,21.5
892.75,138.5,22.0
893.0,138.5,22.0
893.25,138.5,22.5
893.5,138.5,22.5
893.75,138.5,22.5
894.0,138.0,22.5
894.25,138.0,23.0
894.5,137.75,23.0
894.75,139.5,24.0
895.0,139.5,25.0
895.25,139.75,25.0
895.5,139.75,26.0
895.75,139.75,26.0
896.0,139.75,26.0
896.25,139.75,26.5
896.5,139.75,27.0
896.75,139.75,27.0
897.0,140.25,27.0
897.25,140.25,27.0
897.5,140.75,27.0
897.75,141.5,27.5
898.0,141.5,27.0
898.25,142.0,27.0
898.5,142.0,27.0
898.75,142.25,27.5
899.0,142.25,28.0
899.25,141.75,28.0
899.5,141.75,28.0
899.75,141.75,28.5
900.0,140.75,28.5
900.25,140.75,28.5
900.5,141.25,28.5
900.75,140.75,28.5
901.0,140.75,28.5
901.25,140.75,28.5
901.5,140.75,28.5
901.75,141.0,28.5
902.0,141.75,29.0
902.25,141.75,29.0
902.5,139.5,29.5
902.75,139.5,29.5
903.0,139.75,29.0
903.25,139.75,28.5
903.5,139.5,28.5
903.75,139.5,29.0
904.0,139.5,29.5
904.25,139.25,30.0
904.5,139.25,30.5
904.75,139.0,30.5
905.0,139.0,31.0
905.25,139.0,30.5
905.5,138.5,30.0
905.75,138.5,29.5
906.0,139.5,30.0
906.25,139.5,30.5
906.5,140.0,30.5
906.75,137.5,30.5
907.0,137.5,30.5
907.25,138.0,29.5
907.5,138.0,29.5
907.75,140.75,29.0
908.0,140.75,28.5
908.25,140.75,28.0
908.5,140.75,27.5
908.75,138.5,27.0
909.0,138.5,27.5
909.25,138.5,28.5
909.5,147.0,29.0
909.75,147.0,29.0
910.0,144.25,29.0
910.25,144.25,29.5
910.5,144.0,29.5
910.75,142.75,29.5
911.0,142.75,28.5
911.25,142.75,28.0
911.5,145.25,27.5
911.75,143.0,27.5
912.0,143.0,27.5
912.25,143.0,26.5
912.5,143.25,26.0
912.75,143.25,25.5
913.0,143.25,25.0
913.25,142.25,24.0
913.5,142.25,23.5
913.75,142.25,23.5
914.0,142.25,24.0
914.25,142.25,24.0
914.5,142.25,24.0
914.75,142.5,24.0
915.0,142.5,25.0
915.25,142.25,26.0
915.5,142.25,25.5
915.75,142.5,26.0
916.0,146.0,26.0
916.25,146.0,24.0
916.5,144.75,23.0
916.75,144.75,23.0
917.0,144.0,22.5
917.25,144.0,22.5
917.5,144.0,22.5
917.75,144.5,21.5
918.0,142.5,21.0
918.25,142.5,20.0
918.5,142.5,19.0
918.75,142.5,19.0
919.0,142.5,19.0
919.25,142.5,19.0
919.5,142.25,19.5
919.75,142.25,19.5
920.0,142.25,19.5
920.25,142.25,20.0
920.5,142.25,20.0
920.75,142.25,20.0
921.0,0.0,20.5
921.25,0.0,21.0
921.5,0.0,21.0
921.75,0.0,19.5
922.0,0.0,19.0
922.25,0.0,19.5
922.5,0.0,19.5
922.75,0.0,20.0
923.0,0.0,19.0
923.25,0.0,17.5
923.5,0.0,17.0
923.75,0.0,16.0
924.0,0.0,16.0
924.25,0.0,15.5
924.5,0.0,15.5
924.75,0.0,15.0
925.0,0.0,15.0
925.25,0.0,14.5
925.5,0.0,15.0
925.75,102.0,15.0
926.0,102.0,15.0
926.25,102.0,15.5
926.5,100.75,16.5
926.75,100.75,17.5
927.0,100.75,17.5
927.25,102.0,18.5
927.5,102.0,18.0
927.75,102.0,18.0
928.0,102.0,18.5
928.25,101.25,19.0
928.5,101.25,19.0
928.75,101.25,19.5
929.0,101.5,19.0
929.25,101.5,19.5
929.5,101.25,18.5
929.75,101.25,18.5
930.0,101.5,18.0
930.25,101.5,18.5
930.5,101.5,18.0
930.75,101.25,17.5
931.0,101.25,18.0
931.25,0.0,17.5
931.5,0.0,17.5
931.75,0.0,16.5
932.0,0.0,16.0
932.25,0.0,16.0
932.5,134.25,16.5
932.75,133.5,16.5
933.0,133.5,16.0
933.25,133.0,16.0
933.5,133.0,15.5
933.75,132.25,15.5
934.0,132.25,15.0
934.25,131.5,15.5
934.5,131.5,16.0
934.75,131.5,17.0
935.0,131.5,18.0
935.25,131.5,20.0
935.5,130.75,21.5
935.75,130.75,23.5
936.0,130.25,24.0
936.25,131.5,21.0
936.5,131.5,20.0
936.75,133.0,21.0
937.0,133.0,22.5
937.25,135.0,22.0
937.5,135.75,22.5
937.75,135.75,22.0
938.0,135.75,21.0
938.25,135.0,20.5
938.5,136.0,19.5
938.75,136.0,19.0
939.0,134.5,19.0
939.25,134.5,20.0
939.5,133.5,20.5
939.75,132.0,21.5
940.0,132.0,22.0
940.25,130.75,23.0
940.5,130.75,23.5
940.75,131.25,22.0
941.0,131.25,20.0
941.25,130.0,19.5
941.5,130.0,20.5
941.75,129.25,21.5
942.0,129.25,22.0
942.25,128.25,22.0
942.5,128.25,21.5
942.75,128.25,21.0
943.0,143.75,20.0
943.25,130.0,19.5
943.5,130.0,19.5
943.75,130.0,20.0
944.0,130.0,20.0
944.25,124.75,21.0
944.5,124.75,21.0
944.75,126.75,21.5
945.0,126.75,21.5
945.25,125.25,25.5
945.5,125.25,24.5
945.75,127.75,21.5
946.0,127.75,21.0
946.25,128.75,21.5
946.5,128.75,21.5
946.75,129.5,22.5
947.0,129.5,23.0
947.25,131.0,24.0
947.5,130.25,24.0
947.75,130.25,24.0
948.0,130.75,22.5
948.25,130.75,21.0
948.5,130.75,21.0
948.75,130.75,21.0
949.0,130.75,20.0
949.25,132.5,20.5
949.5,133.5,20.5
949.75,133.5,20.0
950.0,133.5,19.5
950.25,133.5,19.0
950.5,134.0,19.0
950.75,134.0,19.0
951.0,134.25,19.5
951.25,135.0,20.0
951.5,135.0,21.0
951.75,135.75,21.5
952.0,135.75,23.0
952.25,135.5,23.0
952.5,135.5,20.5
952.75,135.5,20.0
953.0,135.5,20.5
953.25,135.5,20.5
953.5,136.75,20.5
953.75,136.75,20.5
954.0,137.25,20.0
954.25,137.25,20.0
954.5,136.5,19.0
954.75,137.0,19.0
955.0,137.0,18.5
955.25,138.25,19.0
955.5,138.25,19.5
955.75,137.5,20.0
956.0,137.5,21.0
956.25,138.0,21.0
956.5,139.25,19.0
956.75,139.25,19.0
957.0,139.75,20.5
957.25,138.5,21.0
957.5,138.5,21.5
957.75,138.5,21.5
958.0,139.0,21.0
958.25,139.0,21.0
958.5,139.5,20.5
958.75,139.5,20.5
959.0,141.5,20.0
959.25,140.0,20.5
959.5,140.0,21.0
959.75,139.5,21.5
960.0,139.5,22.0
960.25,139.5,23.0
960.5,139.5,23.5
960.75,139.0,21.0
961.0,139.75,20.0
961.25,139.75,20.0
961.5,139.5,20.5
961.75,139.5,21.5
962.0,139.5,22.0
962.25,139.5,22.0
962.5,139.5,21.5
962.75,140.0,21.0
963.0,140.0,20.0
963.25,139.75,21.0
963.5,139.75,21.0
963.75,140.75,21.0
964.0,142.0,21.5
964.25,142.0,22.0
964.5,140.75,23.0
964.75,140.75,22.0
965.0,140.75,24.0
965.25,141.0,22.0
965.5,141.0,24.0
965.75,141.25,20.5
966.0,142.0,26.0
966.25,139.75,20.0
966.5,139.75,25.5
966.75,139.25,20.0
967.0,139.25,25.0
967.25,139.25,20.0
967.5,139.25,25.5
967.75,139.25,19.5
968.0,139.25,25.5
968.25,139.25,20.0
968.5,139.25,21.5
968.75,139.25,22.5
969.0,139.25,18.5
969.25,139.25,23.0
969.5,139.25,19.5
969.75,139.5,26.0
970.0,139.5,18.0
970.25,139.5,27.5
970.5,139.5,18.0
970.75,0.0,26.0
971.0,0.0,21.0
971.25,0.0,26.0
971.5,0.0,21.0
971.75,0.0,23.5
972.0,0.0,24.0
972.25,0.0,22.5
972.5,144.75,26.0
972.75,144.75,23.5
973.0,145.0,27.0
973.25,144.75,24.5
973.5,144.75,25.0
973.75,143.75,24.5
974.0,143.75,25.0
974.25,145.0,25.5
974.5,145.0,24.5
974.75,144.25,23.0
975.0,145.0,22.0
975.25,145.0,20.5
975.5,146.25,18.5
975.75,146.25,16.0
976.0,146.25,19.5
976.25,146.25,19.5
976.5,146.25,19.0
976.75,146.25,19.5
977.0,146.25,19.0
977.25,146.25,18.0
977.5,146.25,18.0
977.75,146.25,19.5
978.0,146.25,19.0
978.25,146.25,19.5
978.5,146.25,20.5
978.75,146.25,21.5
979.0,147.0,21.5
979.25,146.5,21.5
979.5,146.5,21.5
979.75,146.5,22.0
980.0,146.5,22.0
980.25,146.25,22.0
980.5,147.0,21.5
980.75,147.0,21.0
981.0,147.0,21.5
981.25,147.0,22.0
981.5,147.0,21.5
981.75,147.0,21.0
982.0,147.0,21.5
982.25,147.0,21.0
982.5,146.75,21.0
982.75,146.75,21.0
983.0,146.0,22.0
983.25,146.0,21.5
983.5,144.25,21.5
983.75,144.0,21.0
984.0,144.0,21.0
984.25,143.75,21.5
984.5,143.75,21.5
984.75,143.75,22.0
985.0,145.25,22.0
985.25,143.75,22.0
985.5,143.75,21.5
985.75,144.25,21.0
986.0,144.25,22.0
986.25,144.0,21.5
986.5,142.75,21.5
986.75,142.75,21.5
987.0,143.75,21.0
987.25,143.75,20.5
987.5,143.5,20.5
987.75,143.75,21.0
988.0,143.75,21.5
988.25,143.75,21.5
988.5,143.75,21.0
988.75,143.5,21.0
989.0,144.75,21.0
989.25,144.75,22.0
989.5,144.5,22.0
989.75,144.5,22.5
990.0,144.5,24.0
990.25,144.5,24.0
990.5,144.25,24.0
990.75,144.25,22.0
991.0,144.25,21.5
991.25,139.5,23.5
991.5,140.75,24.5
991.75,140.75,24.5
992.0,142.0,24.5
992.25,142.0,24.5
992.5,142.25,24.0
992.75,142.25,23.5
993.0,144.25,24.0
993.25,144.75,24.0
993.5,144.75,23.0
993.75,144.75,23.5
994.0,144.75,23.0
994.25,144.75,23.0
994.5,144.75,23.5
994.75,144.75,24.0
995.0,143.5,25.5
995.25,144.75,25.0
995.5,144.75,25.0
995.75,144.75,24.5
996.0,144.75,24.5
996.25,144.5,25.0
996.5,143.5,24.0
996.75,143.5,24.0
997.0,143.25,24.5
997.25,143.25,25.0
997.5,143.5,25.0
997.75,143.5,24.5
998.0,143.5,24.0
998.25,142.75,24.0
998.5,142.75,24.5
998.75,142.0,25.0
999.0,142.0,25.0
999.25,142.0,25.5
999.5,142.25,25.5
999.75,142.25,25.0
1000.0,142.0,25.5
1000.25,142.5,25.0
1000.5,142.5,25.5
1000.75,142.5,25.5
1001.0,142.5,25.5
1001.25,141.75,25.5
1001.5,141.75,25.0
1001.75,142.75,25.5
1002.0,142.75,25.0
1002.25,142.75,25.5
1002.5,143.25,25.5
1002.75,143.5,25.5
1003.0,143.5,23.5
1003.25,142.75,24.0
1003.5,142.75,24.0
1003.75,142.25,24.0
1004.0,142.25,23.5
1004.25,142.25,23.5
1004.5,142.5,23.5
1004.75,142.5,23.5
1005.0,143.0,23.5
1005.25,143.0,23.0
1005.5,143.0,23.0
1005.75,142.0,22.5
1006.0,142.0,23.0
1006.25,141.5,23.5
1006.5,141.5,23.5
1006.75,141.5,23.5
1007.0,142.0,22.5
1007.25,142.0,22.0
1007.5,141.75,22.0
1007.75,141.75,22.0
1008.0,141.25,22.0
1008.25,143.5,21.5
1008.5,143.5,21.5
1008.75,143.0,21.5
1009.0,143.0,21.0
1009.25,142.75,21.0
1009.5,142.75,20.5
1009.75,143.0,20.0
1010.0,143.25,20.0
1010.25,143.25,20.0
1010.5,144.25,20.0
1010.75,144.25,20.0
1011.0,144.25,19.5
1011.25,144.25,20.0
1011.5,144.25,20.0
1011.75,144.5,20.0
1012.0,144.5,20.5
1012.25,144.5,22.5
1012.5,144.25,22.5
1012.75,144.25,23.0
1013.0,144.25,22.5
1013.25,144.25,23.5
1013.5,144.25,24.0
1013.75,143.5,24.0
1014.0,143.5,25.0
1014.25,144.0,26.0
1014.5,143.5,24.5
1014.75,143.5,24.0
1015.0,143.5,23.5
1015.25,143.5,24.5
1015.5,143.0,24.5
1015.75,143.75,25.0
1016.0,143.75,24.0
1016.25,142.75,25.0
1016.5,142.75,25.0
1016.75,141.25,23.5
1017.0,141.25,23.5
1017.25,143.5,23.5
1017.5,143.25,24.5
1017.75,143.25,25.0
1018.0,143.25,24.5
1018.25,143.25,25.0
1018.5,143.75,25.0
1018.75,143.75,25.0
1019.0,143.75,24.0
1019.25,143.75,23.5
1019.5,143.75,23.0
1019.75,143.5,23.0
1020.0,143.75,22.5
1020.25,143.75,21.5
1020.5,144.5,22.0
1020.75,144.5,22.5
1021.0,144.75,22.0
1021.25,145.0,21.5
1021.5,145.0,20.5
1021.75,145.5,21.0
1022.0,145.75,20.5
1022.25,145.75,23.0
1022.5,145.75,23.5
1022.75,145.75,24.0
1023.0,145.5,25.0
1023.25,145.0,24.5
1023.5,145.0,23.5
1023.75,144.0,23.5
1024.0,144.0,23.5
1024.25,145.0,23.0
1024.5,145.0,23.5
1024.75,145.0,23.0
1025.0,145.0,23.5
1025.25,145.0,24.0
1025.5,145.0,24.5
1025.75,144.75,24.5
1026.0,144.75,25.0
1026.25,144.75,25.5
1026.5,144.75,25.0
1026.75,143.25,24.5
1027.0,143.75,24.0
1027.25,143.75,24.5
1027.5,142.5,26.0
1027.75,142.5,28.5
1028.0,143.0,29.0
1028.25,143.75,29.0
1028.5,143.75,28.0
1028.75,143.25,27.5
1029.0,143.25,29.0
1029.25,143.25,29.0
1029.5,143.25,29.5
1029.75,143.25,30.5
1030.0,142.75,30.0
1030.25,142.75,28.0
1030.5,142.75,30.5
1030.75,142.5,26.0
1031.0,142.5,29.0
1031.25,142.75,26.0
1031.5,142.75,29.0
1031.75,143.0,24.5
1032.0,143.0,28.0
1032.25,142.75,25.0
1032.5,142.25,28.5
1032.75,142.25,24.5
1033.0,142.75,26.5
1033.25,142.75,23.0
1033.5,142.25,26.5
1033.75,141.75,23.0
1034.0,141.75,26.0
1034.25,141.25,23.5
1034.5,141.25,25.0
1034.75,142.0,25.0
1035.0,142.0,25.0
1035.25,142.0,24.0
1035.5,142.0,25.5
1035.75,142.0,25.0
1036.0,142.25,24.5
1036.25,142.0,26.0
1036.5,142.0,24.0
1036.75,142.0,27.5
1037.0,142.0,23.5
1037.25,142.0,26.5
1037.5,142.0,24.5
1037.75,142.0,27.0
1038.0,142.25,25.0
1038.25,142.25,29.0
1038.5,142.5,24.5
1038.75,142.5,29.0
1039.0,142.25,24.5
1039.25,142.0,29.0
1039.5,142.0,24.0
1039.75,142.0,29.0
1040.0,142.0,25.5
1040.25,142.5,29.0
1040.5,142.5,27.0
1040.75,142.5,28.0
1041.0,142.0,28.0
1041.25,142.0,28.5
1041.5,142.0,27.0
1041.75,142.0,27.5
1042.0,142.0,29.0
1042.25,142.0,28.0
1042.5,142.0,29.5
1042.75,142.0,26.5
1043.0,142.0,29.5
1043.25,141.25,27.0
1043.5,140.75,29.0
1043.75,140.75,26.0
1044.0,140.25,29.5
1044.25,140.25,27.0
1044.5,141.0,30.5
1044.75,139.75,26.0
1045.0,139.75,30.0
1045.25,139.5,25.5
1045.5,139.5,29.5
1045.75,139.5,26.0
1046.0,139.5,29.0
1046.25,139.0,27.0
1046.5,139.0,28.0
1046.75,139.0,27.5
1047.0,138.5,27.5
1047.25,138.5,28.5
1047.5,138.25,29.0
1047.75,138.5,28.5
1048.0,138.5,27.0
1048.25,138.0,29.0
1048.5,138.0,26.0
1048.75,138.5,29.5
1049.0,138.5,26.0
1049.25,138.5,28.5
1049.5,138.25,26.0
1049.75,138.25,29.0
1050.0,138.0,25.5
1050.25,138.0,29.5
1050.5,138.0,25.5
1050.75,138.0,28.5
1051.0,138.5,26.0
1051.25,138.5,29.0
1051.5,138.5,25.0
1051.75,137.5,28.5
1052.0,137.5,26.0
1052.25,137.75,27.0
1052.5,137.75,27.5
1052.75,137.75,26.0
1053.0,137.5,28.5
1053.25,137.5,26.5
1053.5,137.75,27.5
1053.75,137.75,25.5
1054.0,137.75,28.5
1054.25,137.75,25.0
1054.5,138.25,29.0
1054.75,138.75,24.5
1055.0,138.75,29.0
1055.25,139.0,25.0
1055.5,139.0,29.0
1055.75,139.5,25.0
1056.0,139.5,29.0
1056.25,139.0,26.0
1056.5,139.25,27.0
1056.75,139.25,27.0
1057.0,139.5,25.5
1057.25,139.5,26.5
1057.5,139.75,26.5
1057.75,139.75,28.0
1058.0,139.75,25.5
1058.25,139.75,29.0
1058.5,139.75,25.0
1058.75,139.75,29.5
1059.0,139.75,25.0
1059.25,140.0,29.5
1059.5,139.5,25.5
1059.75,139.5,30.0
1060.0,139.5,26.0
1060.25,139.5,29.0
1060.5,139.5,27.5
1060.75,139.5,28.0
1061.0,139.5,29.5
1061.25,139.75,28.0
1061.5,139.75,28.5
1061.75,139.25,28.0
1062.0,139.25,30.5
1062.25,139.25,27.0
1062.5,139.25,30.5
1062.75,140.0,27.0
1063.0,140.0,31.5
1063.25,140.0,29.5
1063.5,140.0,32.5
1063.75,140.0,31.0
1064.0,140.0,31.0
1064.25,140.0,31.5
1064.5,139.75,32.0
1064.75,139.75,33.0
1065.0,140.0,34.0
1065.25,140.0,35.0
1065.5,140.0,35.0
1065.75,138.5,35.0
1066.0,138.5,34.0
1066.25,139.5,33.0
1066.5,139.5,33.0
1066.75,139.25,33.0
1067.0,140.0,34.0
1067.25,140.0,34.0
1067.5,139.25,33.5
1067.75,139.25,32.0
1068.0,139.75,30.5
1068.25,139.5,29.0
1068.5,139.5,27.0
1068.75,139.5,26.0
1069.0,139.5,27.0
1069.25,140.0,28.0
1069.5,140.0,28.5
1069.75,140.5,28.5
1070.0,140.75,29.0
1070.25,140.75,29.0
1070.5,140.75,29.5
1070.75,140.75,29.0
1071.0,142.75,28.0
1071.25,142.25,28.5
1071.5,142.25,30.5
1071.75,142.75,31.0
1072.0,142.75,31.5
1072.25,143.5,32.5
1072.5,143.25,32.5
1072.75,143.25,32.0
1073.0,143.0,31.5
1073.25,143.0,31.5
1073.5,142.5,31.5
1073.75,142.0,31.5
1074.0,142.0,31.0
1074.25,141.0,32.0
1074.5,141.0,33.5
1074.75,140.25,34.0
1075.0,140.25,33.5
1075.25,140.5,33.5
1075.5,139.5,33.5
1075.75,139.5,33.0
1076.0,139.5,33.0
1076.25,139.5,32.0
1076.5,138.75,31.5
1076.75,139.5,31.5
1077.0,139.5,31.0
1077.25,138.75,31.0
1077.5,138.75,30.5
1077.75,137.75,30.5
1078.0,137.75,30.5
1078.25,137.5,29.5
1078.5,137.25,28.5
1078.75,137.25,29.0
1079.0,137.5,30.5
1079.25,137.5,30.5
1079.5,136.25,30.5
1079.75,136.25,30.0
1080.0,135.75,30.5
1080.25,135.75,30.0
1080.5,135.75,29.5
1080.75,136.0,28.5
1081.0,136.0,28.5
1081.25,135.25,28.0
1081.5,135.25,28.5
1081.75,135.5,28.5
1082.0,135.5,28.5
1082.25,135.0,27.5
1082.5,134.75,26.5
1082.75,134.75,26.0
1083.0,135.5,27.0
1083.25,135.5,26.5
1083.5,135.0,26.0
1083.75,135.0,26.0
1084.0,134.75,26.0
1084.25,135.75,26.5
1084.5,135.75,26.5
1084.75,136.0,25.0
1085.0,136.0,24.0
1085.25,136.0,23.0
1085.5,136.0,23.0
1085.75,136.25,22.5
1086.0,136.0,22.0
1086.25,136.0,22.0
1086.5,136.5,22.0
1086.75,136.5,21.5
1087.0,135.75,20.5
1087.25,135.75,19.5
1087.5,135.0,19.5
1087.75,135.0,19.5
1088.0,134.25,19.5
1088.25,134.25,19.5
1088.5,134.25,19.0
1088.75,134.25,19.0
1089.0,134.75,19.0
1089.25,134.75,18.0
1089.5,135.25,17.5
1089.75,135.25,17.5
1090.0,135.5,17.0
1090.25,136.5,17.0
1090.5,136.5,17.0
1090.75,136.75,17.0
1091.0,136.75,16.5
1091.25,137.0,17.0
1091.5,137.0,16.5
1091.75,138.25,18.0
1092.0,138.5,19.0
1092.25,138.5,19.0
1092.5,139.5,19.5
1092.75,139.5,16.0
1093.0,139.5,16.0
1093.25,142.0,18.0
1093.5,142.0,18.5
1093.75,142.0,20.0
1094.0,142.0,19.0
1094.25,144.75,17.5
1094.5,144.75,16.5
1094.75,144.0,16.0
1095.0,144.0,15.5
1095.25,143.5,15.5
1095.5,144.25,15.5
1095.75,144.25,15.5
1096.0,145.0,15.5
1096.25,145.0,15.5
1096.5,145.5,15.0
1096.75,146.0,15.5
1097.0,146.0,16.5
1097.25,144.75,17.5
1097.5,144.75,18.0
1097.75,145.0,17.0
1098.0,145.0,18.0
1098.25,145.0,19.0
1098.5,143.5,19.0
1098.75,143.5,19.0
1099.0,143.25,18.5
1099.25,143.25,19.0
1099.5,143.25,19.5
1099.75,142.0,20.0
1100.0,142.0,21.0
1100.25,142.0,20.5
1100.5,142.25,20.5
1100.75,142.25,19.0
1101.0,142.5,17.5
1101.25,142.5,18.0
1101.5,142.75,18.5
1101.75,143.5,20.5
1102.0,143.5,21.5
1102.25,143.5,19.0
1102.5,143.5,21.5
1102.75,144.0,20.0
1103.0,144.75,21.5
1103.25,144.75,19.5
1103.5,145.75,19.0
1103.75,145.75,19.0
1104.0,146.0,19.5
1104.25,146.0,22.0
1104.5,146.0,21.0
1104.75,146.75,19.5
1105.0,146.75,19.5
1105.25,147.0,21.0
1105.5,147.0,22.0
1105.75,147.0,22.0
1106.0,146.75,21.5
1106.25,146.5,21.0
1106.5,146.5,21.0
1106.75,146.5,21.5
1107.0,145.75,21.0
1107.25,145.75,21.0
1107.5,145.75,21.0
1107.75,145.0,20.0
1108.0,144.5,20.0
1108.25,144.5,19.5
1108.5,142.25,19.5
1108.75,142.25,19.5
1109.0,140.75,20.0
1109.25,140.75,20.5
1109.5,140.75,20.5
1109.75,137.5,21.0
1110.0,137.5,21.5
1110.25,135.25,20.5
1110.5,135.25,20.0
1110.75,133.75,20.5
1111.0,131.0,20.5
1111.25,131.0,21.0
1111.5,130.25,20.0
1111.75,130.25,20.0
1112.0,126.75,19.5
1112.25,126.75,19.5
1112.5,126.25,19.5
1112.75,126.25,19.5
1113.0,126.25,19.5
1113.25,126.25,19.5
1113.5,126.0,21.5
1113.75,126.0,22.0
1114.0,126.25,22.0
1114.25,126.25,22.0
1114.5,126.0,21.5
1114.75,126.0,22.5
1115.0,125.5,22.0
1115.25,125.5,23.5
1115.5,125.75,25.0
1115.75,125.25,24.0
1116.0,125.25,24.0
1116.25,125.25,23.5
1116.5,125.0,23.0
1116.75,125.0,22.5
1117.0,124.0,22.0
1117.25,124.0,22.5
1117.5,123.0,22.5
1117.75,123.0,22.5
1118.0,123.0,21.0
1118.25,122.5,21.5
1118.5,122.5,21.5
1118.75,122.5,21.5
1119.0,122.5,21.0
1119.25,120.5,21.0
1119.5,120.5,21.0
1119.75,120.25,21.0
1120.0,120.25,21.0
1120.25,120.75,21.0
1120.5,120.75,21.0
1120.75,121.25,21.0
1121.0,121.25,21.5
1121.25,121.0,21.5
1121.5,121.0,22.0
1121.75,121.0,22.0
1122.0,121.0,21.0
1122.25,121.0,21.5
1122.5,120.75,22.0
1122.75,120.75,22.0
1123.0,120.75,22.0
1123.25,120.75,21.5
1123.5,122.5,21.0
1123.75,122.5,20.5
1124.0,122.5,20.5
1124.25,122.5,20.5
1124.5,122.5,21.0
1124.75,122.5,21.5
1125.0,122.25,22.0
1125.25,122.25,23.0
1125.5,122.5,24.0
1125.75,122.5,25.5
1126.0,124.5,25.5
1126.25,124.5,21.5
1126.5,124.75,22.5
1126.75,124.75,24.0
1127.0,125.25,24.5
1127.25,125.25,25.5
1127.5,125.0,24.5
1127.75,125.0,23.5
1128.0,125.25,23.0
1128.25,125.25,22.0
1128.5,125.75,22.0
1128.75,125.75,22.0
1129.0,125.75,22.5
1129.25,125.75,23.0
1129.5,125.75,23.5
1129.75,125.75,24.0
1130.0,125.75,25.0
1130.25,125.75,26.0
1130.5,126.0,24.5
1130.75,126.0,23.0
1131.0,126.0,23.0
1131.25,126.0,23.0
1131.5,126.0,22.5
1131.75,0.0,21.5
1132.0,0.0,21.5
1132.25,0.0,21.5
1132.5,0.0,21.5
1132.75,0.0,21.5
1133.0,0.0,21.0
1133.25,128.75,20.5
1133.5,129.75,21.0
1133.75,129.75,21.5
1134.0,130.5,22.0
1134.25,130.5,23.5
1134.5,130.25,24.0
1134.75,130.25,23.0
1135.0,129.75,22.0
1135.25,129.75,21.0
1135.5,128.0,21.0
1135.75,128.0,20.0
1136.0,125.5,19.5
1136.25,125.5,19.0
1136.5,123.75,19.0
1136.75,123.75,18.5
1137.0,122.75,18.5
1137.25,121.5,17.5
1137.5,121.5,18.0
1137.75,121.0,19.0
1138.0,121.0,19.5
1138.25,120.25,20.0
1138.5,120.25,21.5
1138.75,121.0,22.0
1139.0,121.0,20.0
1139.25,120.75,19.0
1139.5,120.75,19.0
1139.75,121.0,19.0
1140.0,121.0,19.0
1140.25,121.25,19.5
1140.5,121.25,19.5
1140.75,122.0,19.0
1141.0,122.0,18.5
1141.25,122.75,19.0
1141.5,122.75,20.0
1141.75,124.0,21.0
1142.0,124.0,22.0
1142.25,126.25,23.5
1142.5,126.25,24.0
1142.75,125.0,25.0
1143.0,125.0,22.5
1143.25,128.0,21.5
1143.5,128.0,22.0
1143.75,128.0,21.5
1144.0,129.75,22.0
1144.25,129.75,23.0
1144.5,130.75,23.0
1144.75,130.75,23.0
1145.0,132.25,21.5
1145.25,132.25,21.0
1145.5,132.0,21.0
1145.75,132.0,21.0
1146.0,132.75,22.0
1146.25,133.0,23.0
1146.5,133.0,24.0
1146.75,133.5,25.0
1147.0,133.5,26.0
1147.25,134.5,25.0
1147.5,134.5,25.5
1147.75,135.0,25.5
1148.0,135.0,25.0
1148.25,136.25,25.5
1148.5,137.25,26.5
1148.75,137.25,27.0
1149.0,138.25,28.0
1149.25,138.25,27.0
1149.5,137.5,27.0
1149.75,138.25,27.5
1150.0,138.25,27.5
1150.25,138.25,27.5
1150.5,138.25,27.0
1150.75,138.25,27.5
1151.0,138.0,27.5
1151.25,138.0,28.0
1151.5,138.5,28.0
1151.75,138.5,28.0
1152.0,138.5,28.5
1152.25,138.5,29.0
1152.5,138.75,29.0
1152.75,138.75,29.5
1153.0,138.5,29.0
1153.25,138.5,28.0
1153.5,138.5,27.5
1153.75,139.0,27.5
1154.0,139.0,27.5
1154.25,138.75,27.5
1154.5,139.25,28.5
1154.75,139.25,27.5
1155.0,138.5,27.5
1155.25,138.5,27.0
1155.5,138.75,26.5
1155.75,138.75,26.0
1156.0,139.25,26.0
1156.25,139.25,26.0
1156.5,139.25,27.5
1156.75,139.75,28.5
1157.0,138.5,26.0
1157.25,138.5,26.0
1157.5,138.0,26.5
1157.75,138.25,27.5
1158.0,138.25,28.5
1158.25,138.25,28.5
1158.5,138.25,27.5
1158.75,137.5,27.5
1159.0,137.5,27.5
1159.25,137.75,27.5
1159.5,137.5,27.5
1159.75,137.5,28.0
1160.0,137.25,27.5
1160.25,137.25,28.0
1160.5,137.25,28.5
1160.75,138.0,29.0
1161.0,138.0,29.5
1161.25,137.75,26.5
1161.5,138.0,27.5
1161.75,138.0,27.0
1162.0,137.75,27.5
1162.25,137.75,27.5
1162.5,136.75,28.0
1162.75,136.75,28.0
1163.0,136.0,27.5
1163.25,136.75,28.0
1163.5,136.75,27.5
1163.75,137.25,27.5
1164.0,137.25,27.0
1164.25,137.75,27.5
1164.5,137.75,28.5
1164.75,137.25,28.5
1165.0,137.25,29.0
1165.25,137.5,29.5
1165.5,137.5,30.0
1165.75,137.5,30.0
1166.0,137.5,29.5
1166.25,137.5,30.0
1166.5,137.75,30.5
1166.75,137.75,31.0
1167.0,137.5,31.0
1167.25,137.5,31.5
1167.5,138.0,31.5
1167.75,137.75,31.5
1168.0,137.75,30.5
1168.25,138.0,31.0
1168.5,138.0,30.5
1168.75,138.25,30.5
1169.0,138.25,29.5
1169.25,138.5,29.5
1169.5,138.5,29.0
1169.75,138.0,28.5
1170.0,139.25,28.5
1170.25,139.25,28.0
1170.5,138.0,27.5
1170.75,138.0,27.5
1171.0,138.25,27.0
1171.25,138.5,27.0
1171.5,138.5,27.0
1171.75,137.25,26.5
1172.0,137.25,26.5
1172.25,136.75,26.5
1172.5,136.75,26.5
1172.75,136.75,26.5
1173.0,136.25,27.0
1173.25,136.25,26.5
1173.5,135.75,26.0
1173.75,135.75,26.0
1174.0,135.25,26.0
1174.25,135.25,26.0
1174.5,135.25,25.5
1174.75,135.25,25.5
1175.0,135.5,25.0
1175.25,135.75,24.5
1175.5,135.75,24.5
1175.75,136.25,25.0
1176.0,136.25,25.5
1176.25,135.75,25.5
1176.5,135.75,25.5
1176.75,136.75,25.0
1177.0,136.5,25.0
1177.25,136.5,24.5
1177.5,136.5,24.5
1177.75,136.5,24.5
1178.0,136.5,24.0
1178.25,136.5,24.0
1178.5,137.0,24.0
1178.75,136.75,24.5
1179.0,136.75,25.0
1179.25,136.25,24.5
1179.5,136.25,24.5
1179.75,136.5,24.5
1180.0,136.5,24.5
1180.25,136.25,24.5
1180.5,136.75,25.0
1180.75,136.75,25.0
1181.0,137.25,25.0
1181.25,137.25,25.0
1181.5,137.5,25.0
1181.75,137.5,25.5
1182.0,137.5,26.0
1182.25,137.5,25.5
1182.5,137.5,25.5
1182.75,138.0,25.5
1183.0,138.0,25.5
1183.25,137.25,25.5
1183.5,137.25,25.5
1183.75,136.25,25.5
1184.0,135.75,25.5
1184.25,135.75,25.5
1184.5,136.0,25.5
1184.75,136.0,25.5
1185.0,135.75,25.5
1185.25,135.75,26.0
1185.5,136.5,25.5
1185.75,136.0,25.5
1186.0,136.0,25.0
1186.25,135.0,25.0
1186.5,135.0,25.0
1186.75,136.25,25.5
1187.0,136.25,26.0
1187.25,134.25,27.0
1187.5,134.25,27.0
1187.75,134.0,27.5
1188.0,134.25,28.0
1188.25,134.25,27.5
1188.5,133.5,31.0
1188.75,133.5,28.5
1189.0,133.5,29.0
1189.25,133.5,28.5
1189.5,134.0,30.0
1189.75,134.25,29.5
1190.0,134.25,29.5
1190.25,135.0,29.5
1190.5,135.0,29.5
1190.75,135.25,29.0
1191.0,135.25,28.5
1191.25,135.75,28.5
1191.5,135.75,28.0
1191.75,135.75,28.5
1192.0,135.75,29.0
1192.25,135.75,28.0
1192.5,135.75,27.5
1192.75,135.75,27.5
1193.0,136.25,27.5
1193.25,136.25,27.0
1193.5,135.5,27.0
1193.75,136.25,27.5
1194.0,136.25,27.5
1194.25,136.5,27.5
1194.5,136.5,27.5
1194.75,137.0,27.5
1195.0,137.0,27.5
1195.25,137.5,27.5
1195.5,137.0,27.0
1195.75,137.0,27.5
1196.0,137.5,27.5
1196.25,137.5,27.5
1196.5,138.5,27.5
1196.75,138.5,27.5
1197.0,138.5,27.5
1197.25,138.5,27.5
1197.5,138.5,27.5
1197.75,138.5,27.5
1198.0,138.5,27.5
1198.25,139.0,27.5
1198.5,138.75,27.5
1198.75,138.75,27.5
1199.0,139.0,27.5
1199.25,139.0,27.5
1199.5,139.25,27.5
1199.75,139.25,28.0
1200.0,138.5,28.0
1200.25,138.5,27.5
1200.5,138.5,27.5
1200.75,138.75,27.0
1201.0,138.75,26.5
1201.25,139.0,27.0
1201.5,139.0,27.0
1201.75,139.5,27.0
1202.0,139.5,27.0
1202.25,139.5,27.0
1202.5,139.75,26.5
1202.75,139.75,26.5
1203.0,139.5,26.5
1203.25,139.25,26.5
1203.5,139.25,27.0
1203.75,139.0,27.0
1204.0,139.0,27.0
1204.25,138.5,27.0
1204.5,138.5,27.0
1204.75,138.75,26.5
1205.0,138.25,27.0
1205.25,138.25,25.0
1205.5,136.75,35.0
1205.75,136.75,29.0
1206.0,136.75,20.0
1206.25,136.75,17.0
1206.5,136.75,7.5
1206.75,136.75,2.0
1207.0,136.75,0.5
1207.25,137.5,0.0
1207.5,137.5,0.0
1207.75,138.25,0.0
1208.0,138.25,0.0
1208.25,138.75,0.0
1208.5,138.25,0.0
1208.75,138.25,0.0
1209.0,138.5,0.0
1209.25,138.5,0.0
1209.5,138.75,0.0
1209.75,138.5,0.0
1210.0,138.5,0.0
1210.25,140.5,0.0
1210.5,140.5,0.0
1210.75,140.5,0.0
1211.0,140.5,0.0
1211.25,140.5,0.0
1211.5,140.5,0.0
1211.75,140.5,0.0
1212.0,140.5,0.0
1212.25,140.5,0.0
1212.5,140.5,2.0
1212.75,140.5,3.0
1213.0,140.5,0.0
1213.25,140.5,1.0
1213.5,140.5,1.0
1213.75,140.5,2.0
1214.0,140.5,0.0
1214.25,0.0,0.0
1214.5,0.0,0.0
1214.75,0.0,0.0
1215.0,0.0,0.0
1215.25,0.0,0.0
1215.5,0.0,0.0
1215.75,0.0,0.0
1216.0,0.0,0.0
1216.25,0.0,0.0
1216.5,0.0,0.0
1216.75,0.0,0.0
1217.0,0.0,0.0
1217.25,0.0,0.0
1217.5,0.0,0.0
1217.75,0.0,0.0
1218.0,0.0,0.0
1218.25,0.0,0.0
1218.5,0.0,0.0
1218.75,0.0,0.0
1219.0,0.0,0.0
1219.25,0.0,0.0
1219.5,0.0,1.5
1219.75,0.0,0.0
1220.0,0.0,0.0
1220.25,0.0,0.0
1220.5,0.0,0.0
1220.75,0.0,0.0
1221.0,0.0,0.0
1221.25,0.0,0.0
1221.5,0.0,0.0
1221.75,0.0,0.0
1222.0,0.0,0.0
1222.25,0.0,0.0
1222.5,0.0,0.0
1222.75,0.0,0.0
1223.0,0.0,0.0
1223.25,0.0,0.0
1223.5,0.0,0.0
1223.75,0.0,0.0
1224.0,0.0,0.0
1224.25,0.0,0.0
1224.5,0.0,0.0
1224.75,0.0,0.0
1225.0,0.0,0.0
1225.25,0.0,0.0
1225.5,0.0,0.0
1225.75,0.0,0.0
1226.0,0.0,0.0
1226.25,0.0,0.0
1226.5,0.0,0.0
1226.75,0.0,0.0
1227.0,0.0,0.0
1227.25,0.0,0.0
1227.5,0.0,0.0
1227.75,0.0,0.0
1228.0,0.0,0.0
1228.25,0.0,0.0
1228.5,0.0,0.0
1228.75,0.0,0.0
1229.0,0.0,0.0
1229.25,0.0,0.0
1229.5,0.0,0.0
1229.75,0.0,0.0
1230.0,0.0,0.0
1230.25,0.0,0.0
1230.5,0.0,0.0
1230.75,0.0,0.0
1231.0,0.0,0.0
1231.25,0.0,0.0
1231.5,0.0,0.0
1231.75,0.0,0.0
1232.0,0.0,0.0
1232.25,0.0,0.0
1232.5,0.0,0.0
1232.75,0.0,0.0
1233.0,0.0,0.0
1233.25,0.0,0.0
1233.5,0.0,0.0
1233.75,0.0,0.0
1234.0,0.0,0.0
1234.25,0.0,0.0
1234.5,0.0,0.0
1234.75,0.0,0.0
1235.0,0.0,0.0
1235.25,0.0,0.0
1235.5,0.0,0.0
1235.75,0.0,0.0
1236.0,0.0,0.0
1236.25,0.0,0.0
1236.5,0.0,0.0
1236.75,0.0,0.0
1237.0,0.0,0.0
1237.25,0.0,0.0
1237.5,0.0,0.0
1237.75,0.0,0.0
1238.0,0.0,0.0
1238.25,0.0,0.0
1238.5,0.0,0.0
1238.75,0.0,0.0
1239.0,0.0,0.0
1239.25,0.0,0.0
1239.5,0.0,0.0
1239.75,0.0,0.0
1240.0,0.0,0.0
1240.25,0.0,0.0
1240.5,0.0,0.0
1240.75,0.0,0.0
1241.0,0.0,0.0
1241.25,0.0,0.0
1241.5,0.0,0.0
1241.75,0.0,0.0
1242.0,0.0,0.0
1242.25,0.0,0.0
1242.5,0.0,0.0
1242.75,0.0,0.0
1243.0,0.0,0.0
1243.25,0.0,0.0
1243.5,0.0,0.0
1243.75,0.0,0.0
1244.0,0.0,0.0
1244.25,0.0,0.0
1244.5,0.0,0.0
1244.75,0.0,0.0
1245.0,0.0,0.0
1245.25,0.0,0.0
1245.5,0.0,0.0
1245.75,0.0,0.0
1246.0,0.0,0.0
1246.25,0.0,0.0
1246.5,0.0,0.0
1246.75,0.0,0.0
1247.0,0.0,0.0
1247.25,0.0,0.0
1247.5,0.0,0.0
1247.75,0.0,0.0
1248.0,0.0,0.0
1248.25,0.0,0.0
1248.5,0.0,0.0
1248.75,0.0,0.0
1249.0,0.0,0.0
1249.25,0.0,0.0
1249.5,0.0,0.0
1249.75,0.0,0.0
1250.0,0.0,0.0
1250.25,0.0,0.0
1250.5,0.0,0.0
1250.75,0.0,0.0
1251.0,0.0,0.0
1251.25,0.0,0.0
1251.5,0.0,0.0
1251.75,0.0,0.0
1252.0,0.0,0.0
1252.25,0.0,0.0
1252.5,0.0,0.0
1252.75,0.0,0.0
1253.0,0.0,0.0
1253.25,0.0,0.0
1253.5,0.0,0.0
1253.75,0.0,0.0
1254.0,0.0,0.0
1254.25,0.0,0.0
1254.5,0.0,0.0
1254.75,0.0,0.0
1255.0,0.0,0.0
1255.25,0.0,0.0
1255.5,0.0,0.0
1255.75,0.0,0.0
1256.0,0.0,0.0
1256.25,0.0,0.0
1256.5,0.0,0.0
1256.75,0.0,0.0
1257.0,0.0,0.0
1257.25,0.0,0.0
1257.5,0.0,0.0
1257.75,0.0,0.0
1258.0,0.0,0.0
1258.25,0.0,0.0
1258.5,0.0,0.0
1258.75,0.0,0.0
1259.0,0.0,0.0
1259.25,0.0,0.0
1259.5,0.0,0.0
1259.75,0.0,0.0
1260.0,0.0,0.0
1260.25,0.0,0.0
1260.5,0.0,0.0
1260.75,0.0,0.0
1261.0,0.0,0.0
1261.25,0.0,0.0
1261.5,0.0,0.0
1261.75,0.0,0.0
1262.0,0.0,0.0
1262.25,0.0,0.0
1262.5,0.0,0.0
1262.75,0.0,0.0
1263.0,0.0,0.0
1263.25,0.0,0.0
1263.5,0.0,0.0
1263.75,0.0,0.0
1264.0,0.0,0.0
1264.25,0.0,0.0
1264.5,0.0,0.0
1264.75,0.0,0.0
1265.0,0.0,0.0
1265.25,0.0,0.0
1265.5,0.0,0.0
1265.75,0.0,0.0
1266.0,0.0,0.0
1266.25,0.0,0.0
1266.5,0.0,0.0
1266.75,0.0,0.0
1267.0,0.0,0.0
1267.25,0.0,0.0
1267.5,0.0,0.0
1267.75,0.0,0.0
1268.0,0.0,0.0
1268.25,0.0,0.0
1268.5,0.0,0.0
1268.75,0.0,0.0
1269.0,0.0,0.0
1269.25,0.0,0.0
1269.5,0.0,0.0
1269.75,0.0,0.0
1270.0,0.0,0.0
1270.25,0.0,0.0
1270.5,0.0,0.0
1270.75,0.0,0.0
1271.0,0.0,0.0
1271.25,0.0,0.0
1271.5,0.0,0.0
1271.75,0.0,0.0
1272.0,0.0,0.0
1272.25,0.0,0.0
1272.5,0.0,0.0
1272.75,0.0,0.0
1273.0,0.0,0.0
1273.25,0.0,0.0
1273.5,0.0,0.0
1273.75,0.0,0.0
1274.0,0.0,0.0
1274.25,0.0,0.0
1274.5,0.0,0.0
1274.75,0.0,0.0
1275.0,0.0,0.0
1275.25,0.0,0.0
1275.5,0.0,0.0
1275.75,0.0,0.0
1276.0,0.0,0.0
1276.25,0.0,0.0
1276.5,0.0,0.0
1276.75,0.0,0.0
1277.0,0.0,0.0
1277.25,0.0,0.0
1277.5,0.0,0.0
1277.75,0.0,0.0
1278.0,0.0,0.0
1278.25,0.0,0.0
1278.5,0.0,0.0
1278.75,0.0,0.0
1279.0,0.0,0.0
1279.25,0.0,0.0
1279.5,0.0,0.0
1279.75,0.0,0.0
1280.0,0.0,0.0
1280.25,0.0,0.0
1280.5,0.0,0.0
1280.75,0.0,0.0
1281.0,0.0,0.0
1281.25,0.0,0.0
1281.5,0.0,0.0
1281.75,0.0,0.0
1282.0,0.0,0.0
1282.25,0.0,0.0
1282.5,0.0,0.0
1282.75,0.0,0.0
1283.0,0.0,0.0
1283.25,0.0,0.0
1283.5,0.0,0.0
1283.75,0.0,0.0
1284.0,0.0,0.0
1284.25,0.0,0.0
1284.5,0.0,0.0
1284.75,0.0,0.0
1285.0,0.0,0.0
1285.25,0.0,0.0
1285.5,0.0,0.0
1285.75,0.0,0.0
1286.0,0.0,0.0
1286.25,0.0,0.0
1286.5,0.0,0.0
1286.75,0.0,0.0
1287.0,0.0,0.0
1287.25,0.0,0.0
1287.5,0.0,0.0
1287.75,0.0,0.0
1288.0,0.0,0.0
1288.25,0.0,0.0
1288.5,0.0,0.0
1288.75,0.0,0.0
1289.0,0.0,0.0
1289.25,0.0,0.0
1289.5,0.0,0.0
1289.75,0.0,0.0
1290.0,0.0,0.0
1290.25,0.0,0.0
1290.5,0.0,0.0
1290.75,0.0,0.0
1291.0,0.0,0.0
1291.25,0.0,0.0
1291.5,0.0,0.0
1291.75,0.0,0.0
1292.0,0.0,0.0
1292.25,0.0,0.0
1292.5,0.0,0.0
1292.75,0.0,0.0
1293.0,0.0,0.0
1293.25,0.0,0.0
1293.5,0.0,0.0
1293.75,0.0,0.0
1294.0,0.0,0.0
1294.25,0.0,0.0
1294.5,0.0,0.0
1294.75,0.0,0.0
1295.0,0.0,0.0
1295.25,0.0,0.0
1295.5,0.0,0.0
1295.75,0.0,0.0
1296.0,0.0,0.0
1296.25,0.0,0.0
1296.5,0.0,0.0
1296.75,0.0,0.0
1297.0,0.0,0.0
1297.25,0.0,0.0
1297.5,0.0,0.0
1297.75,0.0,0.0
1298.0,0.0,0.0
1298.25,0.0,0.0
1298.5,0.0,0.0
1298.75,0.0,0.0
1299.0,0.0,0.0
1299.25,0.0,0.0
1299.5,0.0,0.0
1299.75,0.0,0.0
1300.0,0.0,0.0
1300.25,0.0,0.0
1300.5,0.0,0.0
1300.75,0.0,0.0
1301.0,0.0,0.0
1301.25,0.0,0.0
1301.5,0.0,0.0
1301.75,0.0,0.0
1302.0,0.0,0.0
1302.25,0.0,0.0
1302.5,0.0,0.0
1302.75,0.0,0.0
1303.0,0.0,0.0
1303.25,0.0,0.0
1303.5,0.0,0.0
1303.75,0.0,0.0
1304.0,0.0,0.0
1304.25,0.0,0.0
1304.5,0.0,0.0
1304.75,0.0,0.0
1305.0,0.0,0.0
1305.25,0.0,0.0
1305.5,0.0,0.0
1305.75,0.0,0.0
1306.0,0.0,0.0
1306.25,0.0,0.0
1306.5,0.0,0.0
1306.75,0.0,0.0
1307.0,0.0,0.0
1307.25,0.0,0.0
1307.5,0.0,0.0
1307.75,0.0,0.0
1308.0,0.0,0.0
1308.25,0.0,0.0
1308.5,0.0,0.0
1308.75,0.0,0.0
1309.0,0.0,0.0
1309.25,0.0,0.0
1309.5,0.0,0.0
1309.75,0.0,0.0
1310.0,0.0,0.0
1310.25,0.0,0.0
1310.5,0.0,0.0
1310.75,0.0,0.0
1311.0,0.0,0.0
1311.25,0.0,0.0
1311.5,0.0,0.0
1311.75,0.0,0.0
1312.0,0.0,0.0
1312.25,0.0,0.0
1312.5,0.0,0.0
1312.75,0.0,0.0
1313.0,0.0,0.0
1313.25,0.0,0.0
1313.5,0.0,0.0
1313.75,0.0,0.0
1314.0,0.0,0.0
1314.25,0.0,0.0
1314.5,0.0,0.0
1314.75,0.0,0.0
1315.0,0.0,0.0
1315.25,0.0,0.0
1315.5,0.0,0.0
1315.75,0.0,0.0
1316.0,0.0,0.0
1316.25,0.0,0.0
1316.5,0.0,0.0
1316.75,0.0,0.0
1317.0,0.0,0.0
1317.25,0.0,0.0
1317.5,0.0,0.0
1317.75,0.0,0.0
1318.0,0.0,0.0
1318.25,0.0,0.0
1318.5,0.0,0.0
1318.75,0.0,0.0
1319.0,0.0,0.0
1319.25,0.0,0.0
1319.5,0.0,0.0
1319.75,0.0,0.0
1320.0,0.0,0.0
1320.25,0.0,0.0
1320.5,0.0,0.0
1320.75,0.0,0.0
1321.0,0.0,0.0
1321.25,0.0,0.0
1321.5,0.0,0.0
1321.75,0.0,0.0
1322.0,0.0,0.0
1322.25,0.0,0.0
1322.5,0.0,0.0
1322.75,0.0,0.0
1323.0,0.0,0.0
1323.25,0.0,0.0
1323.5,0.0,0.0
1323.75,0.0,0.0
1324.0,0.0,0.0
1324.25,0.0,0.0
1324.5,0.0,0.0
1324.75,0.0,0.0
1325.0,0.0,0.0
1325.25,0.0,0.0
1325.5,0.0,0.0
1325.75,0.0,0.0
1326.0,0.0,0.0
1326.25,0.0,0.0
1326.5,0.0,0.0
1326.75,0.0,0.0
1327.0,0.0,0.0
1327.25,0.0,0.0
1327.5,0.0,0.0
1327.75,0.0,0.0
1328.0,0.0,0.0
1328.25,0.0,0.0
1328.5,0.0,0.0
1328.75,0.0,0.0
1329.0,0.0,0.0
1329.25,0.0,0.0
1329.5,0.0,0.0
1329.75,0.0,0.0
1330.0,0.0,0.0
1330.25,0.0,0.0
1330.5,0.0,0.0
1330.75,0.0,0.0
1331.0,0.0,0.0
1331.25,0.0,0.0
1331.5,0.0,0.0
1331.75,0.0,0.0
1332.0,0.0,0.0
1332.25,0.0,0.0
1332.5,0.0,0.0
1332.75,0.0,0.0
1333.0,0.0,0.0
1333.25,0.0,0.0
1333.5,0.0,0.0
1333.75,0.0,0.0
1334.0,0.0,0.0
1334.25,0.0,0.0
1334.5,0.0,0.0
1334.75,0.0,0.0
1335.0,0.0,0.0
1335.25,0.0,0.0
1335.5,0.0,0.0
1335.75,0.0,0.0
1336.0,0.0,0.0
1336.25,0.0,0.0
1336.5,0.0,0.0
1336.75,0.0,0.0
1337.0,0.0,0.0
1337.25,0.0,0.0
1337.5,0.0,0.0
1337.75,0.0,0.0
1338.0,0.0,0.0
1338.25,0.0,0.0
1338.5,0.0,0.0
1338.75,0.0,0.0
1339.0,0.0,0.0
1339.25,0.0,0.0
1339.5,0.0,0.0
1339.75,0.0,0.0
1340.0,0.0,0.0
1340.25,0.0,0.0
1340.5,0.0,0.0
1340.75,0.0,0.0
1341.0,0.0,0.0
1341.25,0.0,0.0
1341.5,0.0,0.0
1341.75,0.0,0.0
1342.0,0.0,0.0
1342.25,0.0,0.0
1342.5,0.0,0.0
1342.75,0.0,0.0
1343.0,0.0,0.0
1343.25,0.0,0.0
1343.5,0.0,0.0
1343.75,0.0,0.0
1344.0,0.0,0.0
1344.25,0.0,0.0
1344.5,0.0,0.0
1344.75,0.0,0.0
1345.0,0.0,0.0
1345.25,0.0,0.0
1345.5,0.0,0.0
1345.75,0.0,0.0
1346.0,0.0,0.0
1346.25,0.0,0.0
1346.5,0.0,0.0
1346.75,0.0,0.0
1347.0,0.0,0.0
1347.25,0.0,0.0
1347.5,0.0,0.0
1347.75,0.0,0.0
1348.0,0.0,0.0
1348.25,0.0,0.0
1348.5,0.0,0.0
1348.75,0.0,0.0
1349.0,0.0,0.0
1349.25,0.0,0.0
1349.5,0.0,0.0
1349.75,0.0,0.0
1350.0,0.0,0.0
1350.25,0.0,0.0
1350.5,0.0,0.0
1350.75,0.0,0.0
1351.0,0.0,0.0
1351.25,0.0,0.0
1351.5,0.0,0.0
1351.75,0.0,0.0
1352.0,0.0,0.0
1352.25,0.0,0.0
1352.5,0.0,0.0
1352.75,0.0,0.0
1353.0,0.0,0.0
1353.25,0.0,0.0
1353.5,0.0,0.0
1353.75,0.0,0.0
1354.0,0.0,0.0
1354.25,0.0,0.0
1354.5,0.0,0.0
1354.75,0.0,0.0
1355.0,0.0,0.0
1355.25,0.0,0.0
1355.5,0.0,0.0
1355.75,0.0,0.0
1356.0,0.0,0.0
1356.25,0.0,0.0
1356.5,0.0,0.0
1356.75,0.0,0.0
1357.0,0.0,0.0
1357.25,0.0,0.0
1357.5,0.0,0.0
1357.75,0.0,0.0
1358.0,0.0,0.0
1358.25,0.0,0.0
1358.5,0.0,0.0
1358.75,0.0,0.0
1359.0,0.0,0.0
1359.25,0.0,0.0
1359.5,0.0,0.0
1359.75,0.0,0.0
1360.0,0.0,0.0
1360.25,0.0,0.0
1360.5,0.0,0.0
1360.75,0.0,0.0
1361.0,0.0,0.0
1361.25,0.0,0.0
1361.5,0.0,0.0
1361.75,0.0,0.0
1362.0,0.0,0.0
1362.25,0.0,0.0
1362.5,0.0,0.0
1362.75,0.0,0.0
1363.0,0.0,0.0
1363.25,0.0,0.0
1363.5,0.0,0.0
1363.75,0.0,0.0
1364.0,0.0,0.0
1364.25,0.0,0.0
1364.5,0.0,0.0
1364.75,0.0,0.0
1365.0,0.0,0.0
1365.25,0.0,0.0
1365.5,0.0,0.0
1365.75,0.0,0.0
1366.0,0.0,0.0
1366.25,0.0,0.0
1366.5,0.0,0.0
1366.75,0.0,0.0
1367.0,0.0,0.0
1367.25,0.0,0.0
1367.5,0.0,0.0
1367.75,0.0,0.0
1368.0,0.0,0.0
1368.25,0.0,0.0
1368.5,0.0,0.0
1368.75,0.0,0.0
1369.0,0.0,0.0
1369.25,0.0,0.0
1369.5,0.0,0.0
1369.75,0.0,0.0
1370.0,0.0,0.0
1370.25,0.0,0.0
1370.5,0.0,0.0
1370.75,0.0,0.0
1371.0,0.0,0.0
1371.25,0.0,0.0
1371.5,0.0,0.0
1371.75,0.0,0.0
1372.0,0.0,0.0
1372.25,0.0,0.0
1372.5,0.0,0.0
1372.75,0.0,0.0
1373.0,0.0,0.0
1373.25,0.0,0.0
1373.5,0.0,0.0
1373.75,0.0,0.0
1374.0,0.0,0.0
1374.25,0.0,0.0
1374.5,0.0,0.0
1374.75,0.0,0.0
1375.0,0.0,0.0
1375.25,0.0,0.0
1375.5,0.0,0.0
1375.75,0.0,0.0
1376.0,0.0,0.0
1376.25,0.0,0.0
1376.5,0.0,0.0
1376.75,0.0,0.0
1377.0,0.0,0.0
1377.25,0.0,0.0
1377.5,0.0,0.0
1377.75,0.0,0.0
1378.0,0.0,0.0
1378.25,0.0,0.0
1378.5,0.0,0.0
1378.75,0.0,0.0
1379.0,0.0,0.0
1379.25,0.0,0.0
1379.5,0.0,0.0
1379.75,0.0,0.0
1380.0,0.0,0.0
1380.25,0.0,0.0
1380.5,0.0,0.0
1380.75,0.0,0.0
1381.0,0.0,0.0
1381.25,0.0,0.0
1381.5,0.0,0.0
1381.75,0.0,0.0
1382.0,0.0,0.0
1382.25,0.0,0.0
1382.5,0.0,0.0
1382.75,0.0,0.0
1383.0,0.0,0.0
1383.25,0.0,0.0
1383.5,0.0,0.0
1383.75,0.0,0.0
1384.0,0.0,0.0
1384.25,0.0,0.0
1384.5,0.0,0.0
1384.75,0.0,0.0
1385.0,0.0,0.0
1385.25,0.0,0.0
1385.5,0.0,0.0
1385.75,0.0,0.0
1386.0,0.0,0.0
1386.25,0.0,0.0
1386.5,0.0,0.0
1386.75,0.0,0.0
1387.0,0.0,0.0
1387.25,0.0,0.0
1387.5,0.0,0.0
1387.75,0.0,0.0
1388.0,0.0,0.0
1388.25,0.0,0.0
1388.5,0.0,0.0
1388.75,0.0,0.0
1389.0,0.0,0.0
1389.25,0.0,0.0
1389.5,0.0,0.0
1389.75,0.0,0.0
1390.0,0.0,0.0
1390.25,0.0,0.0
1390.5,0.0,0.0
1390.75,0.0,0.0
1391.0,0.0,0.0
1391.25,0.0,0.0
1391.5,0.0,0.0
1391.75,0.0,0.0
1392.0,0.0,0.0
1392.25,0.0,0.0
1392.5,0.0,0.0
1392.75,0.0,0.0
1393.0,0.0,0.0
1393.25,0.0,0.0
1393.5,0.0,0.0
1393.75,0.0,0.0
1394.0,0.0,0.0
1394.25,0.0,0.0
1394.5,0.0,0.0
1394.75,0.0,0.0
1395.0,0.0,0.0
1395.25,0.0,0.0
1395.5,0.0,0.0
1395.75,0.0,0.0
1396.0,0.0,0.0
1396.25,0.0,0.0
1396.5,0.0,0.0
1396.75,0.0,0.0
1397.0,0.0,0.0
1397.25,0.0,0.0
1397.5,0.0,0.0
1397.75,0.0,0.0
1398.0,0.0,0.0
1398.25,0.0,0.0
1398.5,0.0,0.0
1398.75,0.0,0.0
1399.0,0.0,0.0
1399.25,0.0,0.0
1399.5,0.0,0.0
1399.75,0.0,0.0
1400.0,0.0,0.0
1400.25,0.0,0.0
1400.5,0.0,0.0
1400.75,0.0,0.0
1401.0,0.0,0.0
1401.25,0.0,0.0
1401.5,0.0,0.0
1401.75,0.0,0.0
1402.0,0.0,0.0
1402.25,0.0,0.0
1402.5,0.0,0.0
1402.75,0.0,0.0
1403.0,0.0,0.0
1403.25,0.0,0.0
1403.5,0.0,0.0
1403.75,0.0,0.0
1404.0,0.0,0.0
1404.25,0.0,0.0
1404.5,0.0,0.0
1404.75,0.0,0.0
1405.0,0.0,0.0
1405.25,0.0,0.0
1405.5,0.0,0.0
1405.75,0.0,0.0
1406.0,0.0,0.0
1406.25,0.0,0.0
1406.5,0.0,0.0
1406.75,0.0,0.0
1407.0,0.0,0.0
1407.25,0.0,0.0
1407.5,0.0,0.0
1407.75,0.0,0.0
1408.0,0.0,0.0
1408.25,0.0,0.0
1408.5,0.0,0.0
1408.75,0.0,0.0
1409.0,0.0,0.0
1409.25,0.0,0.0
1409.5,0.0,0.0
1409.75,0.0,0.0
1410.0,0.0,0.0
1410.25,0.0,0.0
1410.5,0.0,0.0
1410.75,0.0,0.0
1411.0,0.0,0.0
1411.25,0.0,0.0
1411.5,0.0,0.0
1411.75,0.0,0.0
1412.0,0.0,0.0
1412.25,0.0,0.0
1412.5,0.0,0.0
1412.75,0.0,0.0
1413.0,0.0,0.0
1413.25,0.0,0.0
1413.5,0.0,0.0
1413.75,0.0,0.0
1414.0,0.0,0.0
1414.25,0.0,0.0
1414.5,0.0,0.0
1414.75,0.0,0.0
1415.0,0.0,0.0
1415.25,0.0,0.0
1415.5,0.0,0.0
1415.75,0.0,0.0
1416.0,0.0,0.0
1416.25,0.0,0.0
1416.5,0.0,0.0
1416.75,0.0,0.0
1417.0,0.0,0.0
1417.25,0.0,0.0
1417.5,0.0,0.0
1417.75,0.0,0.0
1418.0,0.0,0.0
1418.25,0.0,0.0
1418.5,0.0,0.0
1418.75,0.0,0.0
1419.0,0.0,0.0
1419.25,0.0,0.0
1419.5,0.0,0.0
1419.75,0.0,0.0
1420.0,0.0,0.0
1420.25,0.0,0.0
1420.5,0.0,0.0
1420.75,0.0,0.0
1421.0,0.0,0.0
1421.25,0.0,0.0
1421.5,0.0,0.0
1421.75,0.0,0.0
1422.0,0.0,0.0
1422.25,0.0,0.0
1422.5,0.0,0.0
1422.75,0.0,0.0
1423.0,0.0,0.0
1423.25,0.0,0.0
1423.5,0.0,0.0
1423.75,0.0,0.0
1424.0,0.0,0.0
1424.25,0.0,0.0
1424.5,0.0,0.0
1424.75,0.0,0.0
1425.0,0.0,0.0
1425.25,0.0,0.0
1425.5,0.0,0.0
1425.75,0.0,0.0
1426.0,0.0,0.0
1426.25,0.0,0.0
1426.5,0.0,0.0
1426.75,0.0,0.0
1427.0,0.0,0.0
1427.25,0.0,0.0
1427.5,0.0,0.0
1427.75,0.0,0.0
1428.0,0.0,0.0
1428.25,0.0,0.0
1428.5,0.0,0.0
1428.75,0.0,0.0
1429.0,0.0,0.0
1429.25,0.0,0.0
1429.5,0.0,0.0
1429.75,0.0,0.0
1430.0,0.0,0.0
1430.25,0.0,0.0
1430.5,0.0,0.0
1430.75,0.0,0.0
1431.0,0.0,0.0
1431.25,0.0,0.0
1431.5,0.0,0.0
1431.75,0.0,0.0
1432.0,0.0,0.0
1432.25,0.0,0.0
1432.5,0.0,0.0
1432.75,0.0,0.0
1433.0,0.0,0.0
1433.25,0.0,0.0
1433.5,0.0,0.0
1433.75,0.0,0.0
1434.0,0.0,0.0
1434.25,0.0,0.0
1434.5,0.0,0.0
1434.75,0.0,0.0
1435.0,0.0,0.0
1435.25,0.0,0.0
1435.5,0.0,0.0
1435.75,0.0,0.0
1436.0,0.0,0.0
1436.25,0.0,0.0
1436.5,0.0,0.0
1436.75,0.0,0.0
1437.0,0.0,0.0
1437.25,0.0,0.0
1437.5,0.0,0.0
1437.75,0.0,0.0
1438.0,0.0,0.0
1438.25,0.0,0.0
1438.5,0.0,0.0
1438.75,0.0,0.0
1439.0,0.0,0.0
1439.25,0.0,0.0
1439.5,0.0,0.0
1439.75,0.0,0.0
1440.0,0.0,0.0
1440.25,0.0,0.0
1440.5,0.0,0.0
1440.75,0.0,0.0
1441.0,0.0,0.0
1441.25,0.0,0.0
1441.5,0.0,0.0
1441.75,0.0,0.0
1442.0,0.0,0.0
1442.25,0.0,0.0
1442.5,0.0,0.0
1442.75,0.0,0.0
1443.0,0.0,0.0
1443.25,0.0,0.0
1443.5,0.0,0.0
1443.75,0.0,0.0
1444.0,0.0,0.0
1444.25,0.0,0.0
1444.5,0.0,0.0
1444.75,0.0,0.0
1445.0,0.0,0.0
1445.25,0.0,0.0
1445.5,0.0,0.0
1445.75,0.0,0.0
1446.0,0.0,0.0
1446.25,0.0,0.0
1446.5,0.0,0.0
1446.75,0.0,0.0
1447.0,0.0,0.0
1447.25,0.0,0.0
1447.5,0.0,0.0
1447.75,0.0,0.0
1448.0,0.0,0.0
1448.25,0.0,0.0
1448.5,0.0,0.0
1448.75,0.0,0.0
1449.0,0.0,0.0
1449.25,0.0,0.0
1449.5,0.0,0.0
1449.75,0.0,0.0
1450.0,0.0,0.0
1450.25,0.0,0.0
1450.5,0.0,0.0
1450.75,0.0,0.0
1451.0,0.0,0.0
1451.25,0.0,0.0
1451.5,0.0,0.0
1451.75,0.0,0.0
1452.0,0.0,0.0
1452.25,0.0,0.0
1452.5,0.0,0.0
1452.75,0.0,0.0
1453.0,0.0,0.0
1453.25,0.0,0.0
1453.5,0.0,0.0
1453.75,0.0,0.0
1454.0,0.0,0.0
1454.25,0.0,0.0
1454.5,0.0,0.0
1454.75,0.0,0.0
1455.0,0.0,0.0
1455.25,0.0,0.0
1455.5,0.0,0.0
1455.75,0.0,0.0
1456.0,0.0,0.0
1456.25,0.0,0.0
1456.5,0.0,0.0
1456.75,0.0,0.0
1457.0,0.0,0.0
1457.25,0.0,0.0
1457.5,0.0,0.0
1457.75,0.0,0.0
1458.0,0.0,0.0
1458.25,0.0,0.0
1458.5,0.0,0.0
1458.75,0.0,0.0
1459.0,0.0,0.0
1459.25,0.0,0.0
1459.5,0.0,0.0
1459.75,0.0,0.0
1460.0,0.0,0.0
1460.25,0.0,0.0
1460.5,0.0,0.0
1460.75,0.0,0.0
1461.0,0.0,0.0
1461.25,0.0,0.0
1461.5,0.0,0.0
1461.75,0.0,0.0
1462.0,0.0,0.0
1462.25,0.0,0.0
1462.5,0.0,0.0
1462.75,0.0,0.0
1463.0,0.0,0.0
1463.25,0.0,0.0
1463.5,0.0,0.0
1463.75,0.0,0.0
1464.0,0.0,0.0
1464.25,0.0,0.0
1464.5,0.0,0.0
1464.75,0.0,0.0
1465.0,0.0,0.0
1465.25,0.0,0.0
1465.5,0.0,0.0
1465.75,0.0,0.0
1466.0,0.0,0.0
1466.25,0.0,0.0
1466.5,0.0,0.0
1466.75,0.0,0.0
1467.0,0.0,0.0
1467.25,0.0,0.0
1467.5,0.0,0.0
1467.75,0.0,0.0
1468.0,0.0,0.0
1468.25,0.0,0.0
1468.5,0.0,0.0
1468.75,0.0,0.0
1469.0,0.0,0.0
1469.25,0.0,0.0
1469.5,0.0,0.0
1469.75,0.0,0.0
1470.0,0.0,0.0
1470.25,0.0,0.0
1470.5,0.0,0.0
1470.75,0.0,0.0
1471.0,0.0,0.0
1471.25,0.0,0.0
1471.5,0.0,0.0
1471.75,0.0,0.0
1472.0,0.0,0.0
1472.25,0.0,0.0
1472.5,0.0,0.0
1472.75,0.0,0.0
1473.0,0.0,0.0
1473.25,0.0,0.0
1473.5,0.0,0.0
1473.75,0.0,0.0
1474.0,0.0,0.0
1474.25,0.0,0.0
1474.5,0.0,0.0
1474.75,0.0,0.0
1475.0,0.0,0.0
1475.25,0.0,0.0
1475.5,0.0,0.0
1475.75,0.0,0.0
1476.0,0.0,0.0
1476.25,0.0,0.0
1476.5,0.0,0.0
1476.75,0.0,0.0
1477.0,0.0,0.0
1477.25,0.0,0.0
1477.5,0.0,0.0
1477.75,0.0,0.0
1478.0,0.0,0.0
1478.25,0.0,0.0
1478.5,0.0,0.0
1478.75,0.0,0.0
1479.0,0.0,0.0
1479.25,0.0,0.0
1479.5,0.0,0.0
1479.75,0.0,0.0
1480.0,0.0,0.0
1480.25,0.0,0.0
1480.5,0.0,0.0
1480.75,0.0,0.0
1481.0,0.0,0.0
1481.25,0.0,0.0
1481.5,0.0,0.0
1481.75,0.0,0.0
1482.0,0.0,0.0
1482.25,0.0,0.0
1482.5,0.0,0.0
1482.75,0.0,0.0
1483.0,0.0,0.0
1483.25,0.0,0.0
1483.5,0.0,0.0
1483.75,0.0,0.0
1484.0,0.0,0.0
1484.25,0.0,0.0
1484.5,0.0,0.0
1484.75,0.0,0.0
1485.0,0.0,0.0
1485.25,0.0,0.0
1485.5,0.0,0.0
1485.75,0.0,0.0
1486.0,0.0,0.0
1486.25,0.0,0.0
1486.5,0.0,0.0
1486.75,0.0,0.0
1487.0,0.0,0.0
1487.25,0.0,0.0
1487.5,0.0,0.0
1487.75,0.0,0.0
1488.0,0.0,0.0
1488.25,0.0,0.0
1488.5,0.0,0.0
1488.75,0.0,0.0
1489.0,0.0,0.0
1489.25,0.0,0.0
1489.5,0.0,0.0
1489.75,0.0,0.0
1490.0,0.0,0.0
1490.25,0.0,0.0
1490.5,0.0,0.0
1490.75,0.0,0.0
1491.0,0.0,0.0
1491.25,0.0,0.0
1491.5,0.0,0.0
1491.75,0.0,0.0
1492.0,0.0,0.0
1492.25,0.0,0.0
1492.5,0.0,0.0
1492.75,0.0,0.0
1493.0,0.0,0.0
1493.25,0.0,0.0
1493.5,0.0,0.0
1493.75,0.0,0.0
1494.0,0.0,0.0
1494.25,0.0,0.0
1494.5,0.0,0.0
1494.75,0.0,0.0
1495.0,0.0,0.0
1495.25,0.0,0.0
1495.5,0.0,0.0
1495.75,0.0,0.0
1496.0,0.0,0.0
1496.25,0.0,0.0
1496.5,0.0,0.0
1496.75,0.0,0.0
1497.0,0.0,0.0
1497.25,0.0,0.0
1497.5,0.0,0.0
1497.75,0.0,0.0
1498.0,0.0,0.0
1498.25,0.0,0.0
1498.5,0.0,0.0
1498.75,0.0,0.0
1499.0,0.0,0.0
1499.25,0.0,0.0
1499.5,0.0,0.0
1499.75,0.0,0.0
1500.0,0.0,0.0
1500.25,0.0,0.0
1500.5,0.0,0.0
1500.75,0.0,0.0
1501.0,0.0,0.0
1501.25,0.0,0.0
1501.5,0.0,0.0
1501.75,0.0,0.0
1502.0,0.0,0.0
1502.25,0.0,0.0
1502.5,0.0,0.0
1502.75,0.0,0.0
1503.0,0.0,0.0
1503.25,0.0,0.0
1503.5,0.0,0.0
1503.75,0.0,0.0
1504.0,0.0,0.0
1504.25,0.0,0.0
1504.5,0.0,0.0
1504.75,0.0,0.0
1505.0,0.0,0.0
1505.25,0.0,0.0
1505.5,0.0,0.0
1505.75,0.0,0.0
1506.0,0.0,0.0
1506.25,0.0,0.0
1506.5,0.0,0.0
1506.75,0.0,0.0
1507.0,0.0,0.0
1507.25,0.0,0.0
1507.5,0.0,0.0
1507.75,0.0,0.0
1508.0,0.0,0.0
1508.25,0.0,0.0
1508.5,0.0,0.0
1508.75,0.0,0.0
1509.0,0.0,0.0
1509.25,0.0,0.0
1509.5,0.0,0.0
1509.75,0.0,0.0
1510.0,0.0,0.0
1510.25,0.0,0.0
1510.5,0.0,0.0
1510.75,0.0,0.0
1511.0,0.0,0.0
1511.25,0.0,0.0
1511.5,0.0,0.0
1511.75,0.0,0.0
1512.0,0.0,0.0
1512.25,0.0,0.0
1512.5,0.0,0.0
1512.75,0.0,0.0
1513.0,0.0,0.0
1513.25,0.0,0.0
1513.5,0.0,0.0
1513.75,0.0,0.0
1514.0,0.0,0.0
1514.25,0.0,0.0
1514.5,0.0,0.0
1514.75,0.0,0.0
1515.0,0.0,0.0
1515.25,0.0,0.0
1515.5,0.0,0.0
1515.75,0.0,0.0
1516.0,0.0,0.0
1516.25,0.0,0.0
1516.5,0.0,0.0
1516.75,0.0,0.0
1517.0,0.0,0.0
1517.25,0.0,0.0
1517.5,0.0,0.0
1517.75,0.0,0.0
1518.0,0.0,0.0
1518.25,0.0,0.0
1518.5,0.0,0.0
1518.75,0.0,0.0
1519.0,0.0,0.0
1519.25,0.0,0.0
1519.5,0.0,0.0
1519.75,0.0,0.0
1520.0,0.0,0.0
1520.25,0.0,0.0
1520.5,0.0,0.0
1520.75,0.0,0.0
1521.0,0.0,0.0
1521.25,0.0,0.0
1521.5,0.0,0.0
1521.75,0.0,0.0
1522.0,0.0,0.0
1522.25,0.0,0.0
1522.5,0.0,0.0
1522.75,0.0,0.0
1523.0,0.0,0.0
1523.25,0.0,0.0
1523.5,0.0,0.0
1523.75,0.0,0.0
1524.0,0.0,0.0
1524.25,0.0,0.0
1524.5,0.0,0.0
1524.75,0.0,0.0
1525.0,0.0,0.0
1525.25,0.0,0.0
1525.5,0.0,0.0
1525.75,0.0,0.0
1526.0,0.0,0.0
1526.25,0.0,0.0
1526.5,0.0,0.0
1526.75,0.0,0.0
1527.0,0.0,0.0
1527.25,0.0,0.0
1527.5,0.0,0.0
1527.75,0.0,0.0
1528.0,0.0,0.0
1528.25,0.0,0.0
1528.5,0.0,0.0
1528.75,0.0,0.0
1529.0,0.0,0.0
1529.25,0.0,0.0
1529.5,0.0,0.0
1529.75,0.0,0.0
1530.0,0.0,0.0
1530.25,0.0,0.0
1530.5,0.0,0.0
1530.75,0.0,0.0
1531.0,0.0,0.0
1531.25,0.0,0.0
1531.5,0.0,2.0
1531.75,0.0,2.0
1532.0,0.0,1.5
1532.25,0.0,1.5
1532.5,0.0,1.5
1532.75,0.0,1.0
1533.0,0.0,1.0
1533.25,0.0,0.5
1533.5,0.0,0.5
1533.75,0.0,0.0
1534.0,0.0,0.0
1534.25,0.0,0.0
1534.5,0.0,0.0
1534.75,0.0,0.0
1535.0,0.0,0.0
1535.25,0.0,0.0
1535.5,0.0,0.0
1535.75,177.25,0.0
1536.0,177.25,0.0
1536.25,177.25,0.0
1536.5,177.25,0.0
1536.75,177.25,0.0
1537.0,177.25,0.0
1537.25,177.25,0.0
1537.5,177.25,0.0
1537.75,177.25,0.0
1538.0,177.25,0.0
1538.25,177.25,0.0
1538.5,177.25,0.0
1538.75,177.25,0.0
1539.0,177.25,0.0
1539.25,177.25,0.0
1539.5,0.0,0.0
1539.75,0.0,0.0
1540.0,0.0,0.0
1540.25,0.0,0.0
1540.5,0.0,0.0
1540.75,0.0,0.0
1541.0,0.0,0.0
1541.25,0.0,0.0
1541.5,0.0,0.0
1541.75,0.0,0.0
1542.0,0.0,0.0
1542.25,0.0,0.0
1542.5,0.0,0.0
1542.75,0.0,0.0
1543.0,0.0,0.0
1543.25,0.0,0.0
1543.5,0.0,0.0
1543.75,0.0,0.0
1544.0,0.0,0.0
1544.25,0.0,0.0
1544.5,0.0,0.0
1544.75,0.0,0.0
1545.0,0.0,0.0
1545.25,0.0,0.0
1545.5,0.0,0.0
1545.75,0.0,0.0
1546.0,0.0,0.0
1546.25,0.0,0.0
1546.5,0.0,0.0
1546.75,0.0,0.0
1547.0,0.0,0.0
1547.25,0.0,0.0
1547.5,0.0,0.0
1547.75,0.0,0.0
1548.0,0.0,0.0
1548.25,0.0,0.0
1548.5,0.0,0.0
1548.75,0.0,0.0
1549.0,0.0,0.0
1549.25,0.0,0.0
1549.5,0.0,0.0
1549.75,0.0,0.0
1550.0,0.0,0.0
1550.25,0.0,0.0
1550.5,0.0,0.0
1550.75,0.0,0.0
1551.0,123.5,0.0
1551.25,123.5,0.0
1551.5,123.5,0.0
1551.75,123.5,0.0
1552.0,123.5,0.0
1552.25,123.5,0.0
1552.5,123.5,0.0
1552.75,123.5,0.0
1553.0,123.5,0.0
1553.25,123.5,0.0
1553.5,123.5,0.0
1553.75,123.5,0.0
1554.0,123.5,0.0
1554.25,123.5,0.0
1554.5,123.5,0.0
1554.75,123.5,0.0
1555.0,123.5,0.0
1555.25,0.0,0.0
1555.5,0.0,0.0
1555.75,0.0,0.0
1556.0,0.0,0.0
1556.25,0.0,0.0
1556.5,0.0,0.0
1556.75,0.0,0.0
1557.0,0.0,0.0
1557.25,0.0,0.0
1557.5,0.0,0.0
1557.75,0.0,0.0
1558.0,0.0,0.0
1558.25,0.0,0.0
1558.5,0.0,0.0
1558.75,0.0,0.0
1559.0,0.0,0.0
1559.25,0.0,0.0
1559.5,0.0,0.0
1559.75,0.0,0.0
1560.0,0.0,0.0
1560.25,0.0,0.0
1560.5,0.0,0.0
1560.75,0.0,0.0
1561.0,0.0,0.0
1561.25,0.0,0.0
1561.5,0.0,0.0
1561.75,0.0,0.0
1562.0,0.0,0.0
1562.25,0.0,0.0
1562.5,0.0,0.0
1562.75,0.0,0.0
1563.0,0.0,0.0
1563.25,126.25,0.0
1563.5,126.25,0.0
1563.75,127.25,0.0
1564.0,127.25,0.0
1564.25,128.0,0.0
1564.5,128.25,0.0
1564.75,128.25,0.0
1565.0,128.25,0.0
1565.25,128.25,0.0
1565.5,128.0,0.0
1565.75,128.0,0.0
1566.0,128.0,0.0
1566.25,128.0,0.0
1566.5,128.0,0.0
1566.75,128.0,0.0
1567.0,128.0,0.0
1567.25,128.0,0.0
1567.5,127.75,0.0
1567.75,127.75,0.0
1568.0,127.75,0.0
1568.25,127.75,0.0
1568.5,127.75,0.0
1568.75,128.0,0.0
1569.0,0.0,0.0
1569.25,0.0,0.0
1569.5,0.0,0.0
1569.75,0.0,0.0
1570.0,0.0,0.0
1570.25,142.5,0.0
1570.5,142.5,0.0
1570.75,142.75,0.0
1571.0,143.5,0.0
1571.25,143.5,0.0
1571.5,144.0,0.0
1571.75,144.0,0.0
1572.0,145.25,0.0
1572.25,146.0,0.0
1572.5,146.0,0.0
1572.75,147.0,0.0
1573.0,147.0,0.0
1573.25,146.25,0.0
1573.5,147.25,0.0
1573.75,147.25,0.0
1574.0,147.0,0.0
1574.25,148.25,0.0
1574.5,148.25,0.0
1574.75,147.0,0.0
1575.0,147.0,0.0
1575.25,149.25,0.0
1575.5,149.25,0.0
1575.75,148.0,0.0
1576.0,148.0,0.0
1576.25,149.75,0.0
1576.5,150.0,0.0
1576.75,150.0,0.0
1577.0,150.75,0.0
1577.25,150.0,0.0
1577.5,150.0,0.0
1577.75,151.0,0.0
1578.0,151.0,0.0
1578.25,154.5,0.0
1578.5,150.75,0.0
1578.75,150.75,0.0
1579.0,152.0,0.0
1579.25,152.0,0.0
1579.5,151.0,0.0
1579.75,151.5,0.0
1580.0,151.5,0.0
1580.25,151.5,0.0
1580.5,151.5,0.0
1580.75,151.5,0.0
1581.0,151.5,0.0
1581.25,151.5,0.0
1581.5,151.5,0.0
1581.75,151.5,0.0
1582.0,151.5,0.0
1582.25,149.0,0.0
1582.5,149.0,0.0
1582.75,148.75,0.0
1583.0,148.75,0.0
1583.25,148.75,0.0
1583.5,148.75,0.0
1583.75,148.75,0.0
1584.0,148.75,0.0
1584.25,148.75,0.0
1584.5,148.75,0.0
1584.75,148.75,0.0
1585.0,148.75,0.0
1585.25,0.0,0.5
1585.5,0.0,0.0
1585.75,0.0,4.0
1586.0,0.0,3.5
1586.25,125.0,0.0
1586.5,125.0,0.0
1586.75,123.5,0.0
1587.0,123.5,0.5
1587.25,123.0,0.0
1587.5,123.0,7.0
1587.75,122.75,30.0
1588.0,122.75,39.0
1588.25,121.75,37.5
1588.5,121.75,49.5
1588.75,121.0,56.5
1589.0,121.0,62.0
1589.25,121.25,68.0
1589.5,121.25,75.0
1589.75,122.25,82.0
1590.0,122.25,98.5
1590.25,124.0,100.5
1590.5,124.0,99.5
1590.75,125.75,100.0
1591.0,125.75,96.5
1591.25,126.5,98.0
1591.5,126.5,101.5
1591.75,128.0,88.0
1592.0,128.0,82.0
1592.25,129.25,83.5
1592.5,130.75,82.5
1592.75,130.75,81.5
1593.0,131.75,81.5
1593.25,131.75,82.0
1593.5,133.25,82.5
1593.75,133.25,81.5
1594.0,132.75,78.5
1594.25,132.75,74.5
1594.5,133.25,72.5
1594.75,133.5,70.5
1595.0,133.5,72.0
1595.25,133.5,64.5
1595.5,133.5,66.0
1595.75,134.0,62.0
1596.0,134.0,74.0
1596.25,134.5,79.0
1596.5,134.5,77.5
1596.75,133.5,76.0
1597.0,132.75,76.5
1597.25,132.75,68.5
1597.5,132.25,35.5
1597.75,132.25,37.0
1598.0,131.25,39.5
1598.25,131.25,62.0
1598.5,129.5,70.5
1598.75,129.5,78.5
1599.0,129.0,71.0
1599.25,129.0,56.5
1599.5,128.0,56.0
1599.75,128.0,56.5
1600.0,127.25,58.5
1600.25,126.75,63.0
1600.5,126.75,66.5
1600.75,126.75,69.0
1601.0,126.75,68.5
1601.25,126.25,66.5
1601.5,126.25,65.5
1601.75,125.0,65.0
1602.0,125.0,65.0
1602.25,124.5,66.5
1602.5,124.5,67.0
1602.75,124.0,66.5
1603.0,124.0,66.5
1603.25,122.75,66.0
1603.5,122.75,66.0
1603.75,122.75,67.0
1604.0,122.75,67.5
1604.25,123.25,68.5
1604.5,123.25,69.5
1604.75,123.5,68.5
1605.0,123.5,68.0
1605.25,123.75,67.5
1605.5,123.75,67.0
1605.75,124.5,68.0
1606.0,124.5,68.5
1606.25,125.75,69.0
1606.5,125.75,69.5
1606.75,126.25,69.0
1607.0,126.75,68.0
1607.25,126.75,68.0
1607.5,126.75,67.0
1607.75,126.75,67.0
1608.0,127.0,67.5
1608.25,127.0,67.0
1608.5,127.0,67.0
1608.75,127.0,67.5
1609.0,126.5,67.5
1609.25,126.5,68.0
1609.5,125.75,68.5
1609.75,125.75,68.0
1610.0,125.25,68.0
1610.25,125.25,67.0
1610.5,125.0,67.0
1610.75,125.0,67.0
1611.0,124.75,67.0
1611.25,124.75,68.0
1611.5,124.0,68.5
1611.75,124.0,68.5
1612.0,123.5,68.0
1612.25,124.0,66.5
1612.5,124.0,66.0
1612.75,123.5,67.0
1613.0,123.5,67.0
1613.25,123.0,67.5
1613.5,123.0,68.0
1613.75,123.0,67.0
1614.0,123.0,66.0
1614.25,122.75,65.5
1614.5,122.75,65.0
1614.75,122.5,65.5
1615.0,122.5,66.5
1615.25,122.5,66.5
1615.5,122.5,66.5
1615.75,122.75,66.0
1616.0,122.75,64.0
1616.25,123.25,64.0
1616.5,123.25,64.5
1616.75,124.25,65.0
1617.0,124.25,66.0
1617.25,125.0,66.5
1617.5,125.0,65.0
1617.75,125.25,64.5
1618.0,125.25,63.5
1618.25,125.75,62.5
1618.5,125.75,64.5
1618.75,125.75,69.0
1619.0,125.75,72.0
1619.25,125.25,75.5
1619.5,125.25,79.0
1619.75,126.25,82.5
1620.0,126.75,86.5
1620.25,126.75,90.0
1620.5,126.5,93.0
1620.75,126.5,94.0
1621.0,126.25,92.5
1621.25,126.25,90.5
1621.5,126.25,89.5
1621.75,126.25,88.0
1622.0,126.5,86.0
1622.25,126.5,84.0
1622.5,126.75,81.0
1622.75,126.75,78.0
1623.0,127.5,76.5
1623.25,127.5,75.0
1623.5,128.0,74.5
1623.75,128.0,74.5
1624.0,125.75,74.0
1624.25,125.75,75.0
1624.5,122.25,76.0
1624.75,122.25,77.0
1625.0,120.25,77.5
1625.25,120.25,78.5
1625.5,119.75,77.0
1625.75,119.75,76.0
1626.0,119.25,75.0
1626.25,119.25,73.5
1626.5,118.5,72.5
1626.75,118.5,71.0
1627.0,118.75,69.5
1627.25,118.75,68.5
1627.5,119.5,68.5
1627.75,119.5,67.5
1628.0,120.25,67.0
1628.25,120.25,67.0
1628.5,120.5,66.5
1628.75,120.5,67.5
1629.0,121.25,66.0
1629.25,121.25,64.5
1629.5,122.25,64.5
1629.75,122.25,64.0
1630.0,122.75,64.5
1630.25,123.25,66.0
1630.5,123.25,67.0
1630.75,123.75,67.5
1631.0,123.75,68.5
1631.25,124.5,67.0
1631.5,124.5,65.0
1631.75,125.25,64.0
1632.0,125.25,63.0
1632.25,125.5,62.5
1632.5,125.5,64.0
1632.75,126.25,65.0
1633.0,126.25,65.5
1633.25,126.25,66.5
1633.5,126.25,65.0
1633.75,127.0,62.5
1634.0,127.0,61.5
1634.25,127.25,60.5
1634.5,127.25,60.5
1634.75,127.75,62.0
1635.0,128.5,63.0
1635.25,128.5,64.0
1635.5,130.25,64.5
1635.75,130.25,65.5
1636.0,130.25,66.0
1636.25,130.25,63.0
1636.5,130.75,61.0
1636.75,130.75,60.5
1637.0,129.75,61.0
1637.25,129.75,61.0
1637.5,129.0,62.0
1637.75,128.5,62.5
1638.0,128.5,63.0
1638.25,128.0,63.0
1638.5,128.0,62.0
1638.75,128.0,59.5
1639.0,128.0,58.0
1639.25,128.0,58.0
1639.5,128.0,57.5
1639.75,127.75,58.0
1640.0,127.75,59.0
1640.25,127.25,60.0
1640.5,127.25,60.0
1640.75,127.0,60.5
1641.0,127.0,58.0
1641.25,127.25,55.5
1641.5,127.25,54.5
1641.75,127.25,54.0
1642.0,127.5,54.0
1642.25,127.5,55.5
1642.5,127.25,56.5
1642.75,127.25,56.0
1643.0,128.0,56.0
1643.25,128.0,54.0
1643.5,128.25,52.5
1643.75,128.25,52.5
1644.0,128.75,52.0
1644.25,128.75,51.5
1644.5,129.0,51.5
1644.75,129.0,51.5
1645.0,129.5,50.5
1645.25,130.0,50.0
1645.5,130.0,50.5
1645.75,130.25,50.5
1646.0,130.25,51.0
1646.25,130.25,52.0
1646.5,130.25,51.5
1646.75,130.0,50.0
1647.0,130.0,49.0
1647.25,129.75,48.5
1647.5,129.75,48.5
1647.75,129.75,49.0
1648.0,130.25,50.0
1648.25,130.25,51.0
1648.5,129.75,51.0
1648.75,129.75,49.5
1649.0,128.5,48.5
1649.25,128.5,47.5
1649.5,128.75,47.0
1649.75,128.75,48.0
1650.0,129.0,49.0
1650.25,129.0,50.0
1650.5,129.0,51.0
1650.75,129.0,49.0
1651.0,129.0,47.5
1651.25,129.0,47.0
1651.5,128.5,46.5
1651.75,128.5,47.0
1652.0,128.5,48.0
1652.25,128.75,49.5
1652.5,128.75,49.5
1652.75,129.0,50.0
1653.0,129.0,48.5
1653.25,129.25,46.5
1653.5,129.25,45.5
1653.75,129.0,45.0
1654.0,129.0,45.0
1654.25,128.5,46.0
1654.5,128.5,47.0
1654.75,128.75,47.0
1655.0,129.25,46.5
1655.25,129.25,45.5
1655.5,129.5,44.5
1655.75,129.5,43.5
1656.0,129.0,43.5
1656.25,129.0,43.5
1656.5,129.0,44.5
1656.75,129.0,45.0
1657.0,129.5,45.5
1657.25,129.5,44.0
1657.5,129.25,43.0
1657.75,129.25,42.0
1658.0,130.25,41.5
1658.25,130.25,42.0
1658.5,130.25,43.0
1658.75,129.5,44.0
1659.0,129.5,42.5
1659.25,129.5,41.5
1659.5,129.5,40.5
1659.75,130.25,39.5
1660.0,130.25,40.0
1660.25,130.25,41.5
1660.5,130.25,42.0
1660.75,130.5,42.5
1661.0,130.5,41.5
1661.25,130.5,40.0
1661.5,130.5,39.0
1661.75,130.75,39.0
1662.0,130.75,39.0
1662.25,128.75,40.5
1662.5,128.75,41.5
1662.75,129.0,40.0
1663.0,129.0,38.5
1663.25,129.75,37.5
1663.5,129.75,37.5
1663.75,128.75,38.5
1664.0,128.75,39.5
1664.25,128.0,39.5
1664.5,129.0,37.5
1664.75,129.0,36.5
1665.0,129.0,36.5
1665.25,129.0,36.5
1665.5,127.75,38.0
1665.75,127.75,39.5
1666.0,126.5,39.5
1666.25,126.5,37.0
1666.5,128.0,35.5
1666.75,128.0,35.0
1667.0,129.25,34.5
1667.25,129.25,35.0
1667.5,130.25,37.0
1667.75,129.5,37.5
1668.0,129.5,38.5
1668.25,130.0,40.0
1668.5,130.0,40.5
1668.75,129.5,40.0
1669.0,129.5,38.5
1669.25,128.75,37.5
1669.5,128.75,37.0
1669.75,128.0,36.5
1670.0,128.0,36.0
1670.25,127.75,36.0
1670.5,127.75,37.0
1670.75,126.75,37.5
1671.0,126.75,37.5
1671.25,125.75,38.0
1671.5,125.75,37.0
1671.75,124.0,34.5
1672.0,125.5,34.0
1672.25,125.5,33.0
1672.5,125.0,33.5
1672.75,125.0,35.0
1673.0,125.5,36.0
1673.25,125.5,36.5
1673.5,126.75,37.5
1673.75,126.75,37.5
1674.0,125.75,35.5
1674.25,125.75,34.0
1674.5,128.5,33.0
1674.75,128.5,33.0
1675.0,129.5,34.5
1675.25,129.5,35.5
1675.5,130.0,36.5
1675.75,131.5,37.0
1676.0,131.5,37.0
1676.25,131.25,34.5
1676.5,131.25,34.0
1676.75,132.5,33.5
1677.0,132.5,33.5
1677.25,132.0,33.5
1677.5,132.0,33.5
1677.75,132.25,33.5
1678.0,132.5,33.5
1678.25,132.5,32.5
1678.5,132.25,32.0
1678.75,132.25,32.0
1679.0,132.0,32.5
1679.25,132.0,33.0
1679.5,131.5,32.5
1679.75,131.5,32.0
1680.0,131.5,32.0
1680.25,131.5,31.5
1680.5,130.75,31.5
1680.75,130.0,31.5
1681.0,130.0,31.5
1681.25,129.75,32.5
1681.5,129.75,33.0
1681.75,129.75,33.0
1682.0,129.75,33.0
1682.25,130.5,33.0
1682.5,130.5,32.5
1682.75,131.25,33.0
1683.0,131.25,33.0
1683.25,130.75,33.0
1683.5,130.25,33.0
1683.75,130.25,33.0
1684.0,131.5,32.0
1684.25,131.5,32.5
1684.5,130.75,33.0
1684.75,130.75,33.0
1685.0,130.5,33.5
1685.25,130.5,33.0
1685.5,131.5,32.5
1685.75,131.5,32.0
1686.0,131.0,32.0
1686.25,130.0,31.5
1686.5,130.0,31.5
1686.75,129.0,31.5
1687.0,129.0,31.0
1687.25,129.25,31.0
1687.5,129.25,30.5
1687.75,129.5,31.0
1688.0,129.5,31.5
1688.25,130.25,31.5
1688.5,130.25,31.0
1688.75,129.5,30.0
1689.0,129.5,29.5
1689.25,130.25,29.5
1689.5,130.5,29.5
1689.75,130.5,30.0
1690.0,131.5,31.0
1690.25,131.5,31.5
1690.5,132.0,31.5
1690.75,132.0,30.0
1691.0,131.5,29.0
1691.25,131.5,29.0
1691.5,132.25,28.5
1691.75,132.75,28.5
1692.0,132.75,29.0
1692.25,133.0,30.0
1692.5,133.0,30.5
1692.75,135.0,31.0
1693.0,135.0,30.0
1693.25,134.0,29.0
1693.5,134.0,28.0
1693.75,135.0,28.0
1694.0,135.0,27.5
1694.25,135.0,27.5
1694.5,134.75,28.5
1694.75,134.75,29.0
1695.0,135.75,29.5
1695.25,135.75,30.0
1695.5,135.5,28.5
1695.75,135.75,27.5
1696.0,135.75,27.5
1696.25,136.25,27.0
1696.5,136.25,27.0
1696.75,135.75,27.0
1697.0,135.75,27.0
1697.25,135.5,26.5
1697.5,135.5,26.0
1697.75,135.5,25.5
1698.0,135.25,25.5
1698.25,135.25,25.0
1698.5,135.25,24.5
1698.75,135.25,25.0
1699.0,135.0,24.5
1699.25,135.0,25.0
1699.5,135.25,25.5
1699.75,135.0,26.0
1700.0,135.0,27.0
1700.25,135.5,27.5
1700.5,135.5,26.0
1700.75,136.25,25.5
1701.0,136.25,25.5
1701.25,136.25,25.5
1701.5,135.0,26.0
1701.75,135.0,26.5
1702.0,134.75,27.5
1702.25,134.75,28.5
1702.5,135.0,29.0
1702.75,135.0,28.0
1703.0,133.5,27.0
1703.25,134.5,26.5
1703.5,134.5,26.0
1703.75,134.25,26.5
1704.0,134.25,27.5
1704.25,134.5,28.5
1704.5,134.5,28.5
1704.75,134.5,28.5
1705.0,134.5,28.0
1705.25,133.75,28.5
1705.5,133.75,28.5
1705.75,134.25,29.5
1706.0,134.5,30.5
1706.25,134.5,31.5
1706.5,134.25,32.5
1706.75,134.25,32.5
1707.0,134.5,32.0
1707.25,134.5,31.0
1707.5,133.5,30.0
1707.75,134.25,29.5
1708.0,134.25,29.5
1708.25,135.25,29.5
1708.5,135.25,30.0
1708.75,135.75,30.5
1709.0,135.75,28.5
1709.25,137.25,28.0
1709.5,137.0,27.5
1709.75,137.0,27.5
1710.0,137.75,27.0
1710.25,137.75,27.0
1710.5,138.75,27.5
1710.75,138.75,27.5
1711.0,139.25,28.5
1711.25,140.25,29.5
1711.5,140.25,30.5
1711.75,140.75,31.0
1712.0,140.75,29.0
1712.25,141.5,28.5
1712.5,143.5,28.0
1712.75,143.5,27.5
1713.0,144.25,27.5
1713.25,144.25,28.0
1713.5,144.25,28.5
1713.75,145.5,29.0
1714.0,145.5,29.0
1714.25,146.0,29.0
1714.5,146.0,28.5
1714.75,145.5,27.5
1715.0,145.25,27.0
1715.25,145.25,27.0
1715.5,145.5,26.5
1715.75,144.0,28.5
1716.0,144.0,28.5
1716.25,142.5,27.5
1716.5,142.5,27.5
1716.75,142.5,27.5
1717.0,142.5,28.0
1717.25,142.0,28.0
1717.5,140.75,28.0
1717.75,140.75,28.0
1718.0,139.5,27.5
1718.25,139.5,27.5
1718.5,138.5,27.5
1718.75,138.0,27.5
1719.0,138.0,27.5
1719.25,137.25,27.5
1719.5,137.25,28.0
1719.75,136.0,28.0
1720.0,136.0,27.5
1720.25,134.0,27.0
1720.5,134.0,27.0
1720.75,134.25,27.5
1721.0,133.25,28.0
1721.25,133.25,28.5
1721.5,132.0,28.5
1721.75,132.0,28.5
1722.0,132.0,28.5
1722.25,132.0,29.0
1722.5,132.25,29.0
1722.75,132.25,29.5
1723.0,131.25,29.0
1723.25,130.75,29.0
1723.5,130.75,29.0
1723.75,130.25,29.0
1724.0,130.25,29.0
1724.25,130.5,29.5
1724.5,130.5,29.5
1724.75,132.0,30.0
1725.0,132.0,30.0
1725.25,131.0,31.0
1725.5,131.0,33.0
1725.75,132.5,33.5
1726.0,132.5,33.5
1726.25,133.0,32.5
1726.5,132.75,32.5
1726.75,132.75,32.5
1727.0,134.25,33.5
1727.25,134.25,34.0
1727.5,134.75,32.5
1727.75,134.75,32.5
1728.0,134.75,32.0
1728.25,134.0,32.5
1728.5,134.0,32.0
1728.75,133.5,31.0
1729.0,133.5,30.5
1729.25,133.75,30.5
1729.5,133.75,30.0
1729.75,132.75,29.5
1730.0,132.75,29.5
1730.25,132.0,30.0
1730.5,132.5,31.5
1730.75,132.5,29.5
1731.0,132.5,29.5
1731.25,132.5,29.0
1731.5,133.0,29.5
1731.75,133.0,29.0
1732.0,133.25,29.5
1732.25,133.25,30.0
1732.5,133.0,31.0
1732.75,132.0,31.5
1733.0,132.0,31.5
1733.25,131.5,31.0
1733.5,131.5,30.5
1733.75,130.75,30.5
1734.0,130.75,31.0
1734.25,130.25,31.0
1734.5,130.25,31.5
1734.75,130.75,32.0
1735.0,130.75,31.5
1735.25,129.5,31.5
1735.5,129.5,31.5
1735.75,129.5,32.0
1736.0,129.75,31.5
1736.25,129.75,32.5
1736.5,129.5,33.5
1736.75,129.5,35.0
1737.0,129.5,36.5
1737.25,129.5,36.0
1737.5,129.25,35.5
1737.75,129.25,36.0
1738.0,129.25,36.0
1738.25,129.25,37.5
1738.5,130.25,38.5
1738.75,132.0,40.0
1739.0,132.0,42.0
1739.25,133.5,43.5
1739.5,133.5,45.0
1739.75,133.0,46.5
1740.0,133.0,49.0
1740.25,134.5,52.5
1740.5,135.0,54.0
1740.75,135.0,53.5
1741.0,137.25,54.5
1741.25,137.25,56.0
1741.5,139.5,59.0
1741.75,139.5,63.0
1742.0,139.75,65.5
1742.25,140.25,76.5
1742.5,140.25,80.0
1742.75,142.0,74.5
1743.0,142.0,71.0
1743.25,141.25,69.5
1743.5,140.5,70.5
1743.75,140.5,73.0
1744.0,143.0,74.5
1744.25,143.0,77.0
1744.5,141.5,78.0
1744.75,142.5,78.0
1745.0,142.5,77.5
1745.25,142.0,78.5
1745.5,142.0,81.0
1745.75,142.5,83.5
1746.0,143.25,86.5
1746.25,143.25,86.0
1746.5,144.25,83.0
1746.75,144.25,82.0
1747.0,144.75,80.5
1747.25,144.75,77.5
1747.5,144.75,77.0
1747.75,144.0,76.0
1748.0,144.0,74.5
1748.25,144.0,73.5
1748.5,143.25,73.0
1748.75,142.75,74.0
1749.0,142.75,75.5
1749.25,143.0,78.5
1749.5,143.0,81.0
1749.75,143.25,82.0
1750.0,142.25,81.5
1750.25,142.25,79.0
1750.5,142.0,81.5
1750.75,142.0,86.5
1751.0,141.25,88.0
1751.25,139.75,89.5
1751.5,139.75,91.0
1751.75,139.5,93.0
1752.0,139.5,94.0
1752.25,139.5,95.5
1752.5,139.5,94.5
1752.75,139.75,94.5
1753.0,140.25,96.0
1753.25,140.25,97.0
1753.5,140.5,96.5
1753.75,140.5,96.0
1754.0,140.5,97.0
1754.25,141.0,96.0
1754.5,141.0,95.5
1754.75,142.0,96.5
1755.0,142.0,96.0
1755.25,141.75,96.0
1755.5,142.75,96.0
1755.75,142.75,96.0
1756.0,142.75,96.5
1756.25,142.75,97.0
1756.5,143.25,100.5
1756.75,142.25,105.0
1757.0,142.25,109.0
1757.25,140.75,113.0
1757.5,140.75,117.0
1757.75,140.25,119.0
1758.0,140.25,120.0
1758.25,138.5,120.0
1758.5,138.5,119.0
1758.75,135.25,116.5
1759.0,135.25,114.0
1759.25,135.25,112.0
1759.5,134.25,110.0
1759.75,134.25,109.5
1760.0,133.5,107.5
1760.25,133.5,106.0
1760.5,133.75,104.0
1760.75,133.75,102.5
1761.0,133.75,101.5
1761.25,133.5,100.0
1761.5,133.5,98.5
1761.75,133.0,99.0
1762.0,133.0,96.5
1762.25,129.5,94.0
1762.5,129.5,95.5
1762.75,128.0,95.5
1763.0,128.0,96.0
1763.25,128.0,97.5
1763.5,128.0,97.5
1763.75,129.0,97.0
1764.0,129.0,98.0
1764.25,128.5,99.5
1764.5,128.5,100.5
1764.75,130.75,102.0
1765.0,130.75,105.0
1765.25,129.25,109.0
1765.5,129.25,111.5
1765.75,129.75,113.0
1766.0,129.75,112.0
1766.25,128.75,110.5
1766.5,128.75,108.0
1766.75,128.5,106.0
1767.0,128.5,104.5
1767.25,128.5,102.5
1767.5,128.0,102.0
1767.75,128.0,101.0
1768.0,128.25,99.0
1768.25,128.25,97.0
1768.5,127.0,95.5
1768.75,127.0,94.0
1769.0,127.75,95.0
1769.25,127.75,96.0
1769.5,129.75,97.0
1769.75,129.75,98.5
1770.0,130.75,100.0
1770.25,130.75,100.5
1770.5,133.0,100.0
1770.75,134.75,96.0
1771.0,134.75,92.5
1771.25,136.75,90.5
1771.5,136.75,85.0
1771.75,137.5,82.0
1772.0,137.75,82.0
1772.25,137.75,80.0
1772.5,139.0,78.5
1772.75,139.0,74.5
1773.0,140.0,71.0
1773.25,141.5,70.0
1773.5,141.5,68.5
1773.75,142.75,68.0
1774.0,142.75,69.0
1774.25,143.25,70.5
1774.5,143.75,70.0
1774.75,143.75,65.5
1775.0,143.5,65.5
1775.25,143.5,69.0
1775.5,145.25,71.5
1775.75,145.0,73.0
1776.0,145.0,74.0
1776.25,142.25,74.0
1776.5,132.0,73.0
1776.75,132.0,74.0
1777.0,132.0,77.5
1777.25,128.75,84.0
1777.5,128.75,97.0
1777.75,113.0,100.0
1778.0,113.0,98.0
1778.25,114.5,97.0
1778.5,114.5,97.5
1778.75,112.25,98.5
1779.0,112.25,101.5
1779.25,112.0,106.5
1779.5,112.0,111.0
1779.75,112.0,116.5
1780.0,94.0,121.5
1780.25,94.0,127.0
1780.5,94.0,127.0
1780.75,94.0,127.0
1781.0,95.5,117.5
1781.25,95.5,118.5
1781.5,95.25,119.5
1781.75,95.25,119.0
1782.0,95.5,118.5
1782.25,95.5,116.5
1782.5,95.5,116.0
1782.75,95.5,113.0
1783.0,95.25,109.5
1783.25,95.25,106.0
1783.5,95.25,105.0
1783.75,95.25,107.0
1784.0,0.0,104.0
1784.25,0.0,101.0
1784.5,0.0,101.5
1784.75,0.0,100.5
1785.0,0.0,103.5
1785.25,0.0,106.0
1785.5,0.0,106.5
1785.75,0.0,107.5
1786.0,0.0,106.5
1786.25,132.75,104.0
1786.5,132.75,102.5
1786.75,133.75,101.5
1787.0,135.0,103.0
1787.25,135.0,104.5
1787.5,137.5,105.0
1787.75,137.5,108.0
1788.0,140.75,111.5
1788.25,144.25,113.0
1788.5,144.25,115.0
1788.75,146.25,116.0
1789.0,147.25,114.0
1789.25,147.25,112.5
1789.5,148.5,111.0
1789.75,148.5,112.0
1790.0,148.5,112.5
1790.25,148.5,114.5
1790.5,150.25,116.5
1790.75,151.25,116.5
1791.0,151.25,115.5
1791.25,152.5,117.5
1791.5,152.5,119.5
1791.75,153.0,120.0
1792.0,153.75,121.0
1792.25,153.75,118.5
1792.5,155.25,116.0
1792.75,156.5,115.5
1793.0,156.5,115.0
1793.25,156.5,114.0
1793.5,157.5,114.5
1793.75,157.5,115.5
1794.0,159.0,117.0
1794.25,159.5,115.0
1794.5,159.5,114.0
1794.75,160.75,112.0
1795.0,161.0,111.0
1795.25,161.0,110.0
1795.5,161.75,109.0
1795.75,162.5,108.0
1796.0,162.75,105.0
1796.25,162.75,101.0
1796.5,163.25,101.0
1796.75,163.25,103.0
1797.0,163.25,104.0
1797.25,163.5,102.5
1797.5,163.75,102.0
1797.75,163.75,103.5
1798.0,164.0,102.5
1798.25,164.0,101.5
1798.5,164.0,103.0
1798.75,163.75,102.5
1799.0,164.0,100.0
1799.25,164.0,99.5
1799.5,162.75,98.5
1799.75,161.75,97.0
1800.0,161.75,97.0
1800.25,161.25,97.0
1800.5,160.5,96.5
1800.75,160.5,96.0
1801.0,158.5,95.5
1801.25,156.5,94.5
1801.5,156.5,94.5
1801.75,153.25,92.0
1802.0,153.25,90.0
1802.25,151.25,89.0
1802.5,149.25,87.5
1802.75,149.25,86.0
1803.0,147.0,85.5
1803.25,147.0,84.0
1803.5,146.0,82.0
1803.75,145.0,81.5
1804.0,145.0,80.0
1804.25,145.0,80.0
1804.5,145.0,80.5
1804.75,143.5,80.5
1805.0,142.0,80.0
1805.25,142.0,79.0
1805.5,140.0,78.0
1805.75,140.0,77.5
1806.0,137.75,76.5
1806.25,137.75,75.0
1806.5,135.75,75.5
1806.75,136.5,76.0
1807.0,136.5,76.0
1807.25,136.75,75.5
1807.5,136.75,74.0
1807.75,136.25,73.0
1808.0,136.25,72.0
1808.25,136.75,70.5
1808.5,136.0,71.0
1808.75,136.0,70.5
1809.0,135.0,69.5
1809.25,135.0,69.0
1809.5,134.75,68.0
1809.75,134.75,67.0
1810.0,134.5,66.5
1810.25,134.5,65.0
1810.5,134.75,64.5
1810.75,134.25,64.0
1811.0,134.25,63.0
1811.25,133.5,62.0
1811.5,133.5,62.5
1811.75,133.25,62.0
1812.0,133.25,61.0
1812.25,133.5,60.5
1812.5,133.5,62.0
1812.75,133.25,63.0
1813.0,134.0,61.0
1813.25,134.0,60.0
1813.5,134.25,59.5
1813.75,134.25,59.0
1814.0,134.5,59.0
1814.25,134.5,59.0
1814.5,134.5,58.0
1814.75,135.25,57.0
1815.0,135.25,56.5
1815.25,135.5,55.0
1815.5,135.5,54.5
1815.75,135.5,54.0
1816.0,135.5,53.0
1816.25,135.0,53.0
1816.5,135.0,53.5
1816.75,135.5,53.5
1817.0,134.0,53.5
1817.25,134.0,53.5
1817.5,130.0,53.5
1817.75,130.0,53.5
1818.0,129.0,52.5
1818.25,129.0,51.5
1818.5,129.75,50.5
1818.75,129.75,50.0
1819.0,130.25,49.5
1819.25,130.25,49.5
1819.5,130.75,49.0
1819.75,132.0,48.0
1820.0,132.0,47.5
1820.25,131.5,46.5
1820.5,131.5,45.5
1820.75,130.25,45.5
1821.0,130.25,45.5
1821.25,130.25,45.0
1821.5,130.25,44.5
1821.75,129.5,44.0
1822.0,129.5,43.5
1822.25,126.75,43.0
1822.5,126.75,42.5
1822.75,124.25,42.0
1823.0,124.25,41.5
1823.25,124.25,41.0
1823.5,124.25,40.5
1823.75,125.5,40.5
1824.0,126.75,40.0
1824.25,126.75,39.5
1824.5,128.0,39.5
1824.75,128.0,39.0
1825.0,128.5,38.5
1825.25,128.5,38.5
1825.5,129.5,38.0
1825.75,129.5,37.5
1826.0,130.25,37.5
1826.25,130.25,37.0
1826.5,131.5,37.0
1826.75,134.0,36.5
1827.0,134.0,36.0
1827.25,135.75,36.0
1827.5,135.75,35.5
1827.75,138.0,35.5
1828.0,139.75,35.0
1828.25,139.75,35.0
1828.5,141.5,34.5
1828.75,141.5,34.5
1829.0,142.75,34.5
1829.25,143.5,34.0
1829.5,143.5,33.5
1829.75,144.0,33.5
1830.0,144.0,33.5
1830.25,144.75,33.0
1830.5,145.25,33.0
1830.75,145.25,33.0
1831.0,145.5,33.5
1831.25,145.5,33.5
1831.5,145.0,34.0
1831.75,145.0,34.5
1832.0,145.0,34.5
1832.25,145.25,35.0
1832.5,145.25,35.0
1832.75,145.0,34.5
1833.0,145.5,35.0
1833.25,145.5,35.0
1833.5,145.25,35.0
1833.75,145.25,35.0
1834.0,145.5,35.0
1834.25,145.75,35.0
1834.5,145.75,35.0
1834.75,145.75,35.0
1835.0,145.75,35.5
1835.25,145.25,35.5
1835.5,145.25,35.5
1835.75,145.25,36.0
1836.0,144.75,35.5
1836.25,144.75,35.0
1836.5,144.25,35.0
1836.75,143.5,34.5
1837.0,143.5,34.5
1837.25,144.0,34.5
1837.5,144.0,33.5
1837.75,144.5,33.5
1838.0,144.75,33.0
1838.25,144.75,32.5
1838.5,144.75,32.5
1838.75,144.25,33.0
1839.0,144.25,32.5
1839.25,144.5,33.0
1839.5,144.5,32.5
1839.75,144.5,32.5
1840.0,144.25,32.5
1840.25,144.25,32.5
1840.5,143.75,32.5
1840.75,143.75,32.5
1841.0,142.75,32.0
1841.25,142.75,32.5
1841.5,141.75,32.5
1841.75,141.75,33.0
1842.0,141.75,33.5
1842.25,142.0,33.5
1842.5,142.0,33.0
1842.75,141.5,33.0
1843.0,142.25,32.5
1843.25,142.25,32.5
1843.5,142.25,33.0
1843.75,142.25,33.0
1844.0,142.0,34.0
1844.25,141.75,33.5
1844.5,141.75,33.5
1844.75,140.75,33.0
1845.0,140.75,32.5
1845.25,140.5,32.5
1845.5,140.5,32.5
1845.75,140.5,33.0
1846.0,140.75,32.5
1846.25,140.75,32.0
1846.5,140.75,32.0
1846.75,140.75,31.0
1847.0,141.25,31.0
1847.25,140.75,30.5
1847.5,140.75,30.5
1847.75,139.5,30.5
1848.0,139.5,30.5
1848.25,139.0,31.0
1848.5,139.0,31.5
1848.75,139.0,31.5
1849.0,139.5,31.5
1849.25,139.5,31.0
1849.5,139.75,30.5
1849.75,139.75,30.5
1850.0,140.25,30.5
1850.25,140.25,30.5
1850.5,140.25,30.5
1850.75,140.75,30.0
1851.0,140.75,30.0
1851.25,141.5,29.5
1851.5,141.5,30.0
1851.75,141.75,30.5
1852.0,142.0,30.5
1852.25,142.0,30.5
1852.5,142.0,30.5
1852.75,142.0,30.5
1853.0,142.0,30.0
1853.25,142.0,30.0
1853.5,142.0,30.5
1853.75,141.25,29.5
1854.0,141.25,29.5
1854.25,140.5,29.0
1854.5,139.75,29.0
1854.75,139.75,29.0
1855.0,139.5,28.5
1855.25,139.5,28.5
1855.5,139.25,28.5
1855.75,139.25,28.5
1856.0,139.0,29.0
1856.25,138.75,28.0
1856.5,138.75,28.5
1856.75,138.5,28.5
1857.0,138.5,28.0
1857.25,139.5,29.0
1857.5,139.5,29.5
1857.75,139.5,30.0
1858.0,138.75,29.5
1858.25,138.75,29.5
1858.5,138.5,29.5
1858.75,138.5,29.5
1859.0,138.5,29.5
1859.25,139.0,29.5
1859.5,139.0,29.5
1859.75,139.5,29.5
1860.0,139.5,29.5
1860.25,139.75,29.0
1860.5,139.75,29.0
1860.75,139.75,29.0
1861.0,140.5,29.5
1861.25,140.5,31.0
1861.5,140.5,32.0
1861.75,140.5,33.5
1862.0,141.25,35.5
1862.25,141.25,38.0
1862.5,141.25,40.5
1862.75,142.0,44.5
1863.0,142.0,48.5
1863.25,142.25,48.5
1863.5,142.25,45.5
1863.75,142.25,45.0
1864.0,142.25,44.5
1864.25,142.25,43.0
1864.5,142.25,42.5
1864.75,142.25,41.0
1865.0,142.25,39.5
1865.25,141.25,37.5
1865.5,141.25,36.5
1865.75,140.75,29.5
1866.0,140.75,16.5
1866.25,140.75,32.5
1866.5,140.5,35.0
1866.75,140.5,33.0
1867.0,140.0,32.0
1867.25,140.0,31.0
1867.5,140.0,31.0
1867.75,140.0,32.0
1868.0,139.75,34.0
1868.25,139.5,36.5
1868.5,139.5,39.5
1868.75,140.25,43.5
1869.0,140.25,44.5
1869.25,140.75,45.5
1869.5,141.25,46.5
1869.75,141.25,47.0
1870.0,142.0,46.5
1870.25,142.0,45.0
1870.5,142.75,45.5
1870.75,143.0,46.0
1871.0,143.0,45.0
1871.25,143.75,44.0
1871.5,143.75,43.0
1871.75,144.25,41.5
1872.0,143.75,41.0
1872.25,143.75,39.5
1872.5,143.5,39.5
1872.75,143.5,39.0
1873.0,143.25,39.0
1873.25,143.0,38.0
1873.5,143.0,37.0
1873.75,142.0,37.0
1874.0,142.0,36.5
1874.25,141.5,36.0
1874.5,141.5,36.0
1874.75,140.75,35.5
1875.0,140.75,35.5
1875.25,140.75,35.0
1875.5,140.25,35.5
1875.75,140.25,35.0
1876.0,140.5,34.5
1876.25,139.75,33.5
1876.5,139.75,33.0
1876.75,140.0,33.0
1877.0,140.0,32.5
1877.25,141.0,32.5
1877.5,142.0,32.0
1877.75,142.0,31.5
1878.0,141.25,31.5
1878.25,141.25,31.0
1878.5,139.5,30.5
1878.75,139.5,30.5
1879.0,138.25,30.0
1879.25,137.0,30.0
1879.5,137.0,29.5
1879.75,135.75,29.5
1880.0,135.75,29.5
1880.25,135.75,29.0
1880.5,135.75,29.0
1880.75,134.0,29.0
1881.0,134.0,29.0
1881.25,134.0,29.0
1881.5,134.25,29.0
1881.75,134.25,29.0
1882.0,134.75,30.5
1882.25,134.75,32.0
1882.5,136.25,33.0
1882.75,136.25,33.0
1883.0,137.75,32.0
1883.25,139.25,31.5
1883.5,139.25,31.0
1883.75,139.5,32.5
1884.0,139.5,33.0
1884.25,139.0,32.0
1884.5,139.0,32.0
1884.75,138.75,31.0
1885.0,138.5,30.5
1885.25,138.5,31.0
1885.5,137.75,31.5
1885.75,137.75,32.5
1886.0,137.75,33.5
1886.25,137.75,35.0
1886.5,137.75,35.5
1886.75,136.75,34.5
1887.0,136.75,33.0
1887.25,135.75,32.5
1887.5,135.75,32.0
1887.75,135.75,32.0
1888.0,135.75,32.0
1888.25,135.75,32.5
1888.5,135.75,33.0
1888.75,135.75,33.5
1889.0,135.75,34.0
1889.25,135.75,34.0
1889.5,135.75,32.5
1889.75,135.75,32.0
1890.0,135.5,31.0
1890.25,135.5,30.5
1890.5,135.5,31.0
1890.75,135.0,31.0
1891.0,135.0,32.5
1891.25,135.5,32.5
1891.5,135.5,31.5
1891.75,136.25,31.5
1892.0,136.25,31.0
1892.25,136.5,31.0
1892.5,136.5,32.0
1892.75,136.5,32.5
1893.0,137.25,33.0
1893.25,137.25,33.0
1893.5,137.75,32.5
1893.75,138.5,31.5
1894.0,138.5,31.0
1894.25,138.5,31.0
1894.5,138.5,30.5
1894.75,138.75,30.5
1895.0,138.75,31.0
1895.25,139.5,32.0
1895.5,140.25,33.0
1895.75,140.25,34.5
1896.0,140.75,35.0
1896.25,140.75,37.0
1896.5,139.5,36.5
1896.75,139.75,36.0
1897.0,139.75,36.5
1897.25,139.5,37.5
1897.5,139.5,38.0
1897.75,139.5,36.0
1898.0,139.5,32.0
1898.25,140.75,33.0
1898.5,143.25,32.5
1898.75,143.25,35.5
1899.0,144.0,35.0
1899.25,144.0,35.5
1899.5,144.5,37.0
1899.75,146.0,47.0
1900.0,146.0,66.5
1900.25,146.75,70.5
1900.5,147.75,73.0
1900.75,147.75,79.0
1901.0,148.25,76.0
1901.25,148.25,81.5
1901.5,148.25,84.5
1901.75,150.0,103.0
1902.0,150.0,114.0
1902.25,150.5,102.0
1902.5,149.0,99.0
1902.75,149.0,96.5
1903.0,151.0,98.5
1903.25,151.5,98.0
1903.5,151.5,96.5
1903.75,152.75,96.0
1904.0,152.75,97.5
1904.25,153.25,96.0
1904.5,153.25,91.5
1904.75,153.25,92.5
1905.0,154.5,94.5
1905.25,154.5,96.5
1905.5,155.0,99.0
1905.75,153.5,90.5
1906.0,154.5,86.0
1906.25,154.5,85.5
1906.5,154.75,83.5
1906.75,154.75,82.5
1907.0,154.75,90.5
1907.25,155.0,83.5
1907.5,155.0,79.5
1907.75,154.25,80.0
1908.0,154.0,77.0
1908.25,154.0,75.0
1908.5,153.5,75.0
1908.75,152.5,73.5
1909.0,152.5,73.0
1909.25,148.0,78.0
1909.5,148.0,79.0
1909.75,142.75,80.0
1910.0,142.75,79.5
1910.25,137.25,78.0
1910.5,137.25,76.0
1910.75,133.5,74.5
1911.0,133.5,73.5
1911.25,129.75,73.0
1911.5,129.75,73.5
1911.75,126.25,74.0
1912.0,126.25,75.0
1912.25,123.5,75.5
1912.5,123.5,74.5
1912.75,124.75,73.0
1913.0,124.75,73.0
1913.25,126.25,72.5
1913.5,126.25,72.5
1913.75,126.25,72.0
1914.0,126.25,72.0
1914.25,125.75,71.0
1914.5,125.75,71.0
1914.75,125.25,70.5
1915.0,124.25,70.0
1915.25,124.25,69.5
1915.5,123.0,70.0
1915.75,123.0,70.5
1916.0,122.0,71.0
1916.25,122.0,71.5
1916.5,121.25,72.0
1916.75,121.25,72.5
1917.0,121.0,71.5
1917.25,121.0,72.5
1917.5,120.75,72.0
1917.75,120.75,71.5
1918.0,122.0,71.5
1918.25,122.0,70.5
1918.5,123.25,70.0
1918.75,123.25,70.5
1919.0,125.5,70.5
1919.25,125.5,70.5
1919.5,128.25,71.0
1919.75,128.25,71.0
1920.0,131.75,70.5
1920.25,134.25,70.0
1920.5,134.25,69.5
1920.75,135.25,69.5
1921.0,135.25,69.5
1921.25,135.75,68.5
1921.5,135.75,67.5
1921.75,136.0,67.0
1922.0,136.0,67.5
1922.25,136.5,67.0
1922.5,137.0,66.5
1922.75,137.0,66.5
1923.0,136.25,66.5
1923.25,136.25,66.5
1923.5,137.75,66.0
1923.75,137.75,66.0
1924.0,137.5,66.0
1924.25,137.5,66.0
1924.5,137.5,66.5
1924.75,138.5,68.0
1925.0,138.5,68.5
1925.25,139.25,67.0
1925.5,139.25,66.0
1925.75,139.5,66.0
1926.0,139.5,67.5
1926.25,139.5,68.5
1926.5,140.5,69.5
1926.75,140.5,68.5
1927.0,142.0,68.0
1927.25,142.5,68.0
1927.5,142.5,69.0
1927.75,142.25,70.0
1928.0,142.25,70.5
1928.25,141.0,71.0
1928.5,137.5,70.0
1928.75,137.5,69.0
1929.0,133.0,69.0
1929.25,133.0,70.0
1929.5,127.75,69.0
1929.75,127.75,68.0
1930.0,126.25,67.5
1930.25,126.25,67.5
1930.5,124.5,68.0
1930.75,124.5,67.5
1931.0,123.0,68.0
1931.25,123.0,68.0
1931.5,123.5,68.0
1931.75,123.5,68.5
1932.0,122.25,68.0
1932.25,122.25,67.0
1932.5,121.25,66.5
1932.75,121.25,66.0
1933.0,119.25,66.5
1933.25,119.25,67.0
1933.5,119.5,66.5
1933.75,119.5,66.0
1934.0,118.5,65.0
1934.25,118.5,66.5
1934.5,116.75,67.0
1934.75,116.75,67.0
1935.0,116.75,66.5
1935.25,116.75,66.5
1935.5,116.5,67.0
1935.75,116.5,67.0
1936.0,115.75,68.5
1936.25,115.75,68.5
1936.5,115.0,69.0
1936.75,115.0,68.5
1937.0,115.0,68.5
1937.25,115.0,68.0
1937.5,115.5,67.5
1937.75,115.5,67.5
1938.0,115.0,68.0
1938.25,115.0,69.5
1938.5,115.0,70.5
1938.75,116.0,70.5
1939.0,116.0,70.0
1939.25,117.0,70.0
1939.5,117.0,71.5
1939.75,120.25,71.0
1940.0,120.25,72.0
1940.25,124.0,73.5
1940.5,127.0,73.0
1940.75,127.0,72.0
1941.0,129.5,70.5
1941.25,129.5,68.5
1941.5,129.75,67.5
1941.75,129.75,64.5
1942.0,128.0,62.0
1942.25,128.0,58.5
1942.5,122.5,56.0
1942.75,122.5,52.0
1943.0,122.75,48.0
1943.25,122.75,47.0
1943.5,120.75,46.5
1943.75,120.75,46.5
1944.0,120.75,50.5
1944.25,120.75,51.0
1944.5,121.0,47.0
1944.75,121.0,44.0
1945.0,120.0,41.5
1945.25,120.0,37.0
1945.5,118.0,34.5
1945.75,118.0,32.5
1946.0,117.25,31.5
1946.25,117.25,30.0
1946.5,117.75,34.5
1946.75,117.75,31.5
1947.0,117.75,31.5
1947.25,117.75,31.5
1947.5,116.5,29.5
1947.75,116.5,29.0
1948.0,114.5,30.5
1948.25,114.5,26.0
1948.5,108.75,28.0
1948.75,108.75,33.5
1949.0,108.25,33.0
1949.25,108.25,35.5
1949.5,106.25,39.5
1949.75,106.25,45.0
1950.0,106.75,49.5
1950.25,106.75,54.0
1950.5,106.75,56.5
1950.75,107.5,60.5
1951.0,107.5,65.5
1951.25,108.75,72.0
1951.5,108.75,80.0
1951.75,110.0,83.5
1952.0,110.0,86.0
1952.25,111.25,90.0
1952.5,111.25,94.0
1952.75,112.0,99.5
1953.0,112.0,101.0
1953.25,114.5,102.5
1953.5,114.5,104.5
1953.75,115.5,106.0
1954.0,115.5,108.0
1954.25,115.0,110.5
1954.5,115.0,112.0
1954.75,115.25,111.5
1955.0,115.25,110.0
1955.25,116.75,109.5
1955.5,116.75,110.0
1955.75,118.5,109.0
1956.0,118.5,109.5
1956.25,119.0,108.0
1956.5,119.0,107.5
1956.75,119.0,107.0
1957.0,120.25,107.0
1957.25,119.75,106.5
1957.5,119.75,105.5
1957.75,120.0,105.5
1958.0,120.0,104.5
1958.25,120.0,104.5
1958.5,118.75,104.0
1958.75,118.75,104.0
1959.0,118.5,104.5
1959.25,118.5,104.5
1959.5,119.75,104.5
1959.75,121.5,104.5
1960.0,121.5,103.5
1960.25,122.25,104.5
1960.5,122.25,104.5
1960.75,122.5,104.0
1961.0,122.5,104.0
1961.25,122.25,103.5
1961.5,122.25,104.0
1961.75,122.75,104.0
1962.0,122.75,104.0
1962.25,122.75,103.5
1962.5,122.75,103.5
1962.75,123.0,104.0
1963.0,123.0,104.0
1963.25,123.0,104.0
1963.5,123.0,104.0
1963.75,123.0,104.0
1964.0,123.0,103.5
1964.25,125.75,99.5
1964.5,125.75,99.0
1964.75,126.75,99.0
1965.0,126.75,99.0
1965.25,125.75,99.0
1965.5,125.75,97.5
1965.75,126.75,95.5
1966.0,126.75,95.0
1966.25,127.25,96.5
1966.5,127.25,96.5
1966.75,127.25,97.0
1967.0,127.25,97.5
1967.25,127.25,97.5
1967.5,127.75,97.0
1967.75,127.75,97.5
1968.0,128.0,98.5
1968.25,128.0,97.0
1968.5,128.0,99.0
1968.75,128.0,100.0
1969.0,127.5,100.0
1969.25,127.5,100.5
1969.5,125.5,101.0
1969.75,125.5,100.5
1970.0,124.0,100.0
1970.25,124.0,102.0
1970.5,123.0,103.5
1970.75,123.0,105.0
1971.0,124.75,104.5
1971.25,124.75,103.5
1971.5,125.25,103.0
1971.75,125.25,104.0
1972.0,125.5,105.0
1972.25,125.5,104.0
1972.5,125.75,104.0
1972.75,125.75,106.0
1973.0,126.0,107.0
1973.25,126.0,106.0
1973.5,126.0,105.0
1973.75,126.25,104.5
1974.0,126.25,104.0
1974.25,126.25,104.5
1974.5,126.25,104.0
1974.75,126.25,104.0
1975.0,126.25,103.0
1975.25,127.5,104.0
1975.5,127.5,104.5
1975.75,129.0,103.5
1976.0,129.0,102.5
1976.25,130.25,101.5
1976.5,130.25,101.5
1976.75,131.25,100.5
1977.0,131.5,100.5
1977.25,131.5,100.5
1977.5,131.5,100.5
1977.75,131.5,100.5
1978.0,131.5,100.0
1978.25,131.5,99.5
1978.5,131.5,99.5
1978.75,131.5,99.0
1979.0,130.25,98.0
1979.25,130.25,99.5
1979.5,129.0,99.5
1979.75,128.25,100.5
1980.0,128.25,99.0
1980.25,127.0,96.0
1980.5,127.0,94.5
1980.75,126.75,94.0
1981.0,126.75,92.5
1981.25,128.0,92.0
1981.5,128.0,91.0
1981.75,130.5,88.0
1982.0,131.25,85.5
1982.25,131.25,82.5
1982.5,129.0,81.5
1982.75,129.0,80.0
1983.0,131.25,77.5
1983.25,131.25,79.0
1983.5,131.25,80.5
1983.75,131.25,84.0
1984.0,129.5,86.5
1984.25,129.5,88.0
1984.5,130.25,90.0
1984.75,130.25,91.5
1985.0,133.25,92.5
1985.25,133.25,94.5
1985.5,131.5,95.5
1985.75,131.5,97.0
1986.0,131.5,99.0
1986.25,131.5,99.5
1986.5,131.0,98.5
1986.75,131.0,98.5
1987.0,130.75,99.5
1987.25,131.5,100.0
1987.5,131.5,100.5
1987.75,132.25,100.5
1988.0,132.25,100.5
1988.25,133.25,99.5
1988.5,133.25,100.0
1988.75,135.25,98.5
1989.0,136.25,98.0
1989.25,136.25,97.5
1989.5,137.0,97.0
1989.75,137.0,98.5
1990.0,138.5,99.0
1990.25,138.5,98.5
1990.5,139.5,98.5
1990.75,139.75,98.5
1991.0,139.75,98.5
1991.25,139.75,98.5
1991.5,139.75,97.5
1991.75,139.25,97.0
1992.0,139.25,96.5
1992.25,135.75,97.0
1992.5,132.0,96.5
1992.75,132.0,96.5
1993.0,128.75,96.0
1993.25,128.75,95.0
1993.5,121.75,95.5
1993.75,121.75,96.0
1994.0,116.75,97.0
1994.25,116.75,96.5
1994.5,113.5,95.0
1994.75,113.5,94.5
1995.0,111.0,93.5
1995.25,111.0,93.0
1995.5,109.25,92.5
1995.75,109.25,92.5
1996.0,101.25,92.5
1996.25,101.25,92.0
1996.5,101.25,94.0
1996.75,109.25,95.5
1997.0,109.25,96.5
1997.25,105.25,94.5
1997.5,105.25,92.5
1997.75,105.5,92.0
1998.0,105.5,91.5
1998.25,107.5,91.5
1998.5,107.5,91.0
1998.75,107.5,91.0
1999.0,106.75,91.0
1999.25,106.75,92.5
1999.5,111.0,94.0
1999.75,111.0,95.0
2000.0,114.5,94.0
2000.25,114.5,90.0
2000.5,114.75,89.5
2000.75,114.75,88.5
2001.0,116.5,88.0
2001.25,116.5,88.0
2001.5,116.75,88.0
2001.75,116.75,89.5
2002.0,117.5,90.0
2002.25,117.5,90.0
2002.5,122.5,88.0
2002.75,122.5,87.5
2003.0,118.5,87.0
2003.25,118.5,86.0
2003.5,115.5,87.0
2003.75,115.5,87.0
2004.0,114.5,86.0
2004.25,114.5,87.0
2004.5,114.75,88.0
2004.75,114.75,88.5
2005.0,115.25,89.0
2005.25,115.25,89.5
2005.5,120.0,88.5
2005.75,120.0,88.5
2006.0,119.75,88.5
2006.25,119.75,88.5
2006.5,116.0,88.0
2006.75,116.0,88.0
2007.0,121.0,87.5
2007.25,121.0,88.0
2007.5,124.0,88.5
2007.75,124.0,89.5
2008.0,124.0,90.0
2008.25,114.25,91.5
2008.5,114.25,91.5
2008.75,125.25,90.5
2009.0,125.25,89.5
2009.25,123.0,88.5
2009.5,120.25,88.5
2009.75,120.25,88.0
2010.0,117.5,88.0
2010.25,117.5,88.0
2010.5,121.25,90.5
2010.75,121.25,92.5
2011.0,124.5,95.0
2011.25,124.5,94.0
2011.5,122.25,92.0
2011.75,122.25,91.0
2012.0,122.25,90.0
2012.25,122.25,91.5
2012.5,124.5,94.0
2012.75,124.5,95.5
2013.0,123.5,96.5
2013.25,123.5,95.5
2013.5,121.25,94.0
2013.75,121.25,92.0
2014.0,121.0,91.0
2014.25,121.0,90.0
2014.5,123.0,90.0
2014.75,123.0,92.0
2015.0,125.0,93.5
2015.25,125.0,94.0
2015.5,125.25,93.5
2015.75,126.75,91.5
2016.0,126.75,90.5
2016.25,128.25,88.0
2016.5,128.25,85.5
2016.75,126.5,84.0
2017.0,126.5,83.5
2017.25,120.5,82.5
2017.5,120.5,82.0
2017.75,123.5,82.0
2018.0,123.5,83.5
2018.25,125.0,85.5
2018.5,125.0,86.5
2018.75,123.0,87.5
2019.0,123.0,87.0
2019.25,117.5,87.0
2019.5,117.5,87.5
2019.75,122.25,88.0
2020.0,122.25,89.0
2020.25,122.25,89.5
2020.5,127.25,90.0
2020.75,127.25,90.0
2021.0,126.25,89.5
2021.25,126.25,89.5
2021.5,125.5,91.5
2021.75,131.25,93.5
2022.0,131.25,94.0
2022.25,131.0,92.5
2022.5,131.0,91.5
2022.75,130.25,91.0
2023.0,130.25,90.5
2023.25,128.0,90.5
2023.5,128.0,91.0
2023.75,133.25,90.5
2024.0,133.25,92.0
2024.25,135.5,93.5
2024.5,135.25,94.5
2024.75,135.25,95.0
2025.0,133.5,94.5
2025.25,133.5,93.5
2025.5,131.5,92.0
2025.75,131.5,92.0
2026.0,130.5,91.5
2026.25,130.5,91.5
2026.5,134.75,91.0
2026.75,130.75,92.0
2027.0,130.75,93.0
2027.25,127.25,94.0
2027.5,127.25,94.0
2027.75,133.0,94.5
2028.0,133.0,94.0
2028.25,134.75,94.0
2028.5,134.75,94.0
2028.75,131.75,93.0
2029.0,131.75,92.0
2029.25,129.5,92.0
2029.5,129.5,91.5
2029.75,129.0,89.5
2030.0,135.5,88.5
2030.25,135.5,90.0
2030.5,135.0,90.5
2030.75,135.0,91.5
2031.0,131.75,89.5
2031.25,131.75,88.5
2031.5,131.5,90.0
2031.75,133.75,88.5
2032.0,133.75,87.5
2032.25,134.25,86.5
2032.5,134.25,85.0
2032.75,134.5,85.0
2033.0,134.5,86.0
2033.25,137.0,85.5
2033.5,137.5,86.0
2033.75,137.5,86.0
2034.0,137.5,84.5
2034.25,137.5,84.0
2034.5,136.75,83.0
2034.75,136.75,82.0
2035.0,138.25,82.0
2035.25,139.5,82.0
2035.5,139.5,82.0
2035.75,140.25,83.5
2036.0,140.25,83.5
2036.25,140.5,85.0
2036.5,140.5,85.5
2036.75,140.5,86.0
2037.0,140.5,84.5
2037.25,140.5,83.0
2037.5,140.25,83.0
2037.75,140.25,83.5
2038.0,139.75,83.5
2038.25,140.25,82.5
2038.5,140.25,82.0
2038.75,139.25,82.5
2039.0,139.25,83.0
2039.25,139.25,83.5
2039.5,139.25,84.0
2039.75,139.25,84.0
2040.0,139.5,84.5
2040.25,139.5,83.5
2040.5,140.75,84.0
2040.75,140.75,85.0
2041.0,142.0,85.0
2041.25,141.5,85.0
2041.5,141.5,84.5
2041.75,140.75,84.0
2042.0,140.75,84.0
2042.25,141.0,84.5
2042.5,142.25,85.5
2042.75,142.25,85.5
2043.0,143.0,86.0
2043.25,143.0,85.0
2043.5,142.25,84.5
2043.75,141.75,84.0
2044.0,141.75,84.0
2044.25,140.5,84.0
2044.5,140.5,84.5
2044.75,141.25,81.0
2045.0,141.25,80.0
2045.25,136.75,80.0
2045.5,138.5,80.5
2045.75,138.5,81.5
2046.0,138.5,82.5
2046.25,138.5,84.0
2046.5,139.75,82.5
2046.75,139.75,83.0
2047.0,139.75,82.0
2047.25,138.75,81.5
2047.5,138.75,82.0
2047.75,140.25,82.5
2048.0,140.25,82.0
2048.25,141.75,82.0
2048.5,142.75,80.0
2048.75,142.75,79.0
2049.0,143.0,78.0
2049.25,143.0,76.5
2049.5,142.25,76.0
2049.75,144.0,75.0
2050.0,144.0,76.0
2050.25,145.0,76.0
2050.5,144.75,73.0
2050.75,144.75,72.5
2051.0,144.25,72.5
2051.25,144.25,74.0
2051.5,143.25,73.0
2051.75,143.25,73.0
2052.0,142.75,71.5
2052.25,140.25,71.0
2052.5,140.25,71.5
2052.75,138.5,70.5
2053.0,138.5,71.0
2053.25,137.0,71.5
2053.5,137.0,71.5
2053.75,135.5,71.0
2054.0,137.5,70.0
2054.25,137.5,71.0
2054.5,133.75,72.5
2054.75,133.75,74.0
2055.0,134.5,72.0
2055.25,134.5,72.5
2055.5,135.0,70.5
2055.75,134.5,70.0
2056.0,134.5,71.0
2056.25,134.75,71.0
2056.5,134.75,70.0
2056.75,136.75,69.5
2057.0,136.75,68.5
2057.25,137.5,70.0
2057.5,137.5,69.0
2057.75,137.0,70.0
2058.0,137.5,70.5
2058.25,137.5,71.5
2058.5,138.0,70.0
2058.75,138.0,70.0
2059.0,136.25,69.0
2059.25,136.5,71.5
2059.5,136.5,70.0
2059.75,136.5,70.5
2060.0,136.5,69.0
2060.25,135.0,71.0
2060.5,135.0,72.5
2060.75,135.0,73.0
2061.0,135.0,74.5
2061.25,135.5,74.5
2061.5,136.5,71.0
2061.75,136.5,72.5
2062.0,136.75,74.0
2062.25,136.75,74.5
2062.5,137.0,75.0
2062.75,137.0,74.0
2063.0,138.25,75.0
2063.25,138.5,76.0
2063.5,138.5,75.0
2063.75,137.5,77.0
2064.0,137.5,78.0
2064.25,138.25,80.0
2064.5,138.25,81.0
2064.75,138.25,82.0
2065.0,138.25,82.0
2065.25,138.25,81.0
2065.5,137.75,82.0
2065.75,137.75,83.0
2066.0,137.5,83.0
2066.25,137.25,83.5
2066.5,137.25,84.0
2066.75,136.75,85.5
2067.0,136.75,87.5
2067.25,136.75,88.0
2067.5,136.75,88.5
2067.75,135.25,88.0
2068.0,135.25,85.5
2068.25,134.25,85.5
2068.5,134.25,86.5
2068.75,134.25,86.5
2069.0,135.0,85.5
2069.25,135.0,86.0
2069.5,135.5,86.5
2069.75,135.5,87.5
2070.0,135.5,88.0
2070.25,136.75,88.5
2070.5,136.75,88.5
2070.75,136.75,86.5
2071.0,136.75,87.5
2071.25,137.0,90.0
2071.5,137.0,89.5
2071.75,136.75,87.5
2072.0,136.75,84.5
2072.25,136.75,85.0
2072.5,138.5,85.0
2072.75,138.5,87.5
2073.0,138.0,87.5
2073.25,138.0,84.5
2073.5,139.0,83.0
2073.75,139.75,81.5
2074.0,139.75,82.0
2074.25,139.0,79.5
2074.5,139.0,80.0
2074.75,139.0,79.0
2075.0,139.0,78.5
2075.25,138.75,83.5
2075.5,138.5,85.5
2075.75,138.5,87.5
2076.0,137.25,86.0
2076.25,137.25,82.0
2076.5,138.5,82.5
2076.75,138.25,79.5
2077.0,138.25,80.0
2077.25,136.25,81.5
2077.5,136.25,81.5
2077.75,136.5,80.0
2078.0,136.5,78.5
2078.25,137.75,79.0
2078.5,136.75,79.5
2078.75,136.75,78.5
2079.0,136.5,79.0
2079.25,136.5,79.5
2079.5,135.75,79.5
2079.75,135.75,78.5
2080.0,134.25,78.0
2080.25,134.25,78.5
2080.5,132.75,78.0
2080.75,134.25,78.5
2081.0,134.25,80.0
2081.25,131.75,80.5
2081.5,131.75,80.5
2081.75,131.5,81.5
2082.0,131.5,81.5
2082.25,134.25,81.0
2082.5,134.25,79.5
2082.75,133.5,78.5
2083.0,135.0,81.0
2083.25,135.0,82.0
2083.5,135.5,81.5
2083.75,135.5,79.5
2084.0,135.75,78.5
2084.25,135.75,77.5
2084.5,136.5,78.5
2084.75,136.75,79.5
2085.0,136.75,80.0
2085.25,136.75,80.0
2085.5,136.75,81.5
2085.75,136.5,84.5
2086.0,136.5,85.0
2086.25,135.75,86.0
2086.5,135.75,87.5
2086.75,135.75,87.5
2087.0,135.25,86.5
2087.25,135.25,87.5
2087.5,135.75,88.0
2087.75,135.75,88.5
2088.0,137.0,88.5
2088.25,137.0,88.5
2088.5,138.25,87.5
2088.75,138.25,87.5
2089.0,139.0,87.0
2089.25,139.0,87.0
2089.5,138.5,88.0
2089.75,138.5,85.5
2090.0,138.5,84.5
2090.25,139.0,85.5
2090.5,139.0,85.5
2090.75,139.5,86.0
2091.0,139.5,86.0
2091.25,139.75,88.0
2091.5,138.25,90.5
2091.75,138.25,93.0
2092.0,137.0,94.0
2092.25,137.0,92.5
2092.5,135.75,92.5
2092.75,135.75,93.0
2093.0,133.5,93.0
2093.25,133.5,94.0
2093.5,132.0,99.5
2093.75,132.5,99.5
2094.0,132.5,99.5
2094.25,131.0,98.5
2094.5,131.0,98.5
2094.75,130.75,98.5
2095.0,130.75,97.5
2095.25,130.25,96.0
2095.5,130.25,95.0
2095.75,129.0,95.5
2096.0,129.0,95.5
2096.25,128.5,95.5
2096.5,128.5,94.5
2096.75,128.25,93.0
2097.0,128.25,91.0
2097.25,127.75,91.0
2097.5,126.75,92.0
2097.75,126.75,90.5
2098.0,126.5,91.5
2098.25,126.5,93.0
2098.5,127.0,92.5
2098.75,127.0,92.5
2099.0,127.0,92.5
2099.25,127.0,92.0
2099.5,126.0,93.5
2099.75,126.0,94.5
2100.0,125.75,95.5
2100.25,125.75,95.0
2100.5,125.25,94.5
2100.75,125.25,95.0
2101.0,124.5,95.0
2101.25,124.5,94.5
2101.5,124.5,94.0
2101.75,124.5,94.0
2102.0,124.75,92.5
2102.25,124.75,94.0
2102.5,124.5,93.5
2102.75,124.5,92.5
2103.0,124.0,92.0
2103.25,123.25,93.5
2103.5,123.25,94.0
2103.75,122.75,94.5
2104.0,122.75,95.0
2104.25,123.5,94.0
2104.5,123.5,94.5
2104.75,123.25,94.0
2105.0,123.25,95.5
2105.25,124.0,95.5
2105.5,124.0,92.5
2105.75,124.75,92.0
2106.0,124.75,91.0
2106.25,125.25,88.5
2106.5,125.25,88.0
2106.75,125.25,86.5
2107.0,125.25,87.0
2107.25,125.5,86.0
2107.5,125.5,84.5
2107.75,125.25,83.5
2108.0,125.25,82.5
2108.25,125.25,83.5
2108.5,125.25,84.5
2108.75,125.25,85.5
2109.0,125.25,86.5
2109.25,125.5,87.0
2109.5,125.5,88.5
2109.75,125.5,89.5
2110.0,125.25,91.0
2110.25,125.25,91.5
2110.5,125.0,94.0
2110.75,125.0,95.5
2111.0,125.25,96.0
2111.25,125.25,96.0
2111.5,125.75,94.0
2111.75,125.75,95.0
2112.0,126.25,94.5
2112.25,126.25,95.5
2112.5,127.25,97.0
2112.75,127.25,94.5
2113.0,127.25,93.5
2113.25,127.25,91.5
2113.5,127.25,90.0
2113.75,127.25,90.0
2114.0,127.25,91.0
2114.25,127.75,91.5
2114.5,127.75,92.0
2114.75,129.75,91.5
2115.0,129.75,92.0
2115.25,131.0,92.0
2115.5,131.0,92.5
2115.75,130.25,93.0
2116.0,130.25,92.5
2116.25,130.5,90.5
2116.5,130.5,90.0
2116.75,131.5,90.5
2117.0,132.75,90.5
2117.25,132.75,91.5
2117.5,133.5,92.5
2117.75,133.5,92.5
2118.0,133.25,93.5
2118.25,133.25,95.0
2118.5,132.75,95.0
2118.75,132.75,92.0
2119.0,132.0,92.0
2119.25,131.5,91.5
2119.5,131.5,91.5
2119.75,129.0,91.5
2120.0,129.0,92.5
2120.25,129.0,92.0
2120.5,129.0,91.0
2120.75,129.25,89.5
2121.0,129.25,91.0
2121.25,128.0,90.5
2121.5,128.0,90.5
2121.75,127.0,90.0
2122.0,127.0,89.5
2122.25,128.0,89.5
2122.5,128.0,88.0
2122.75,129.0,85.5
2123.0,128.0,85.0
2123.25,128.0,84.5
2123.5,127.5,84.5
2123.75,127.5,86.5
2124.0,127.25,87.5
2124.25,127.25,85.5
2124.5,126.75,84.5
2124.75,126.75,83.5
2125.0,127.0,83.0
2125.25,127.0,82.5
2125.5,125.5,83.0
2125.75,125.5,83.5
2126.0,127.0,84.5
2126.25,127.0,86.0
2126.5,126.75,86.0
2126.75,126.75,85.0
2127.0,127.25,84.0
2127.25,127.25,85.0
2127.5,127.0,84.5
2127.75,127.75,84.0
2128.0,127.75,83.5
2128.25,128.0,83.5
2128.5,128.0,83.0
2128.75,129.0,82.5
2129.0,129.0,83.0
2129.25,130.25,83.5
2129.5,130.25,84.0
2129.75,130.25,84.0
2130.0,130.25,84.5
2130.25,132.0,85.5
2130.5,132.0,84.5
2130.75,131.5,85.0
2131.0,132.0,83.5
2131.25,132.0,84.5
2131.5,132.25,84.5
2131.75,132.25,85.0
2132.0,133.0,84.5
2132.25,133.0,84.0
2132.5,132.75,83.5
2132.75,132.75,82.5
2133.0,133.25,85.0
2133.25,133.25,85.5
2133.5,133.5,84.0
2133.75,133.5,83.5
2134.0,134.75,82.5
2134.25,134.75,83.0
2134.5,134.0,82.0
2134.75,132.75,82.5
2135.0,132.75,83.0
2135.25,132.5,84.5
2135.5,132.5,84.5
2135.75,132.0,85.0
2136.0,132.0,85.5
2136.25,130.75,86.5
2136.5,130.75,85.0
2136.75,128.0,85.5
2137.0,128.0,86.5
2137.25,126.0,87.0
2137.5,126.0,85.5
2137.75,125.75,83.5
2138.0,125.75,82.5
2138.25,127.25,81.5
2138.5,127.0,81.5
2138.75,127.0,80.5
2139.0,128.0,80.5
2139.25,128.0,80.5
2139.5,129.0,81.0
2139.75,129.0,80.5
2140.0,130.0,79.0
2140.25,130.0,78.0
2140.5,130.0,78.0
2140.75,130.0,79.5
2141.0,131.25,79.0
2141.25,131.5,79.0
2141.5,131.5,78.0
2141.75,132.0,80.5
2142.0,132.0,82.5
2142.25,130.5,82.5
2142.5,130.5,80.5
2142.75,130.5,80.0
2143.0,130.5,79.0
2143.25,132.5,79.0
2143.5,132.5,80.0
2143.75,131.75,80.0
2144.0,131.5,80.5
2144.25,131.5,80.5
2144.5,131.0,80.0
2144.75,131.0,79.5
2145.0,132.5,79.0
2145.25,132.5,78.5
2145.5,131.5,78.0
2145.75,131.5,78.5
2146.0,131.75,79.0
2146.25,131.75,79.0
2146.5,131.75,80.0
2146.75,131.5,80.0
2147.0,131.5,79.5
2147.25,130.5,80.0
2147.5,130.5,81.5
2147.75,131.25,80.5
2148.0,131.25,80.0
2148.25,132.0,80.5
2148.5,132.0,81.5
2148.75,131.25,82.0
2149.0,132.75,83.0
2149.25,132.75,82.0
2149.5,133.25,81.5
2149.75,133.25,80.0
2150.0,133.5,81.5
2150.25,133.5,82.0
2150.5,131.5,82.0
2150.75,131.5,81.0
2151.0,131.75,80.5
2151.25,131.25,79.0
2151.5,131.25,79.0
2151.75,130.75,80.0
2152.0,130.75,81.5
2152.25,131.0,80.5
2152.5,131.0,80.5
2152.75,131.0,81.5
2153.0,131.0,81.0
2153.25,132.0,80.0
2153.5,132.0,78.0
2153.75,132.0,78.0
2154.0,132.75,79.0
2154.25,132.75,81.0
2154.5,132.0,81.5
2154.75,132.0,80.5
2155.0,133.0,80.5
2155.25,133.0,78.5
2155.5,134.75,80.5
2155.75,135.5,80.5
2156.0,135.5,78.5
2156.25,135.75,77.5
2156.5,135.75,77.0
2156.75,135.0,77.0
2157.0,135.0,78.0
2157.25,135.0,78.5
2157.5,135.0,78.5
2157.75,135.0,78.0
2158.0,135.25,77.5
2158.25,135.25,76.5
2158.5,135.25,77.0
2158.75,135.25,78.0
2159.0,135.0,78.0
2159.25,135.0,80.5
2159.5,135.25,82.0
2159.75,135.75,82.5
2160.0,135.75,81.5
2160.25,135.75,81.0
2160.5,135.75,81.0
2160.75,134.25,81.5
2161.0,134.25,81.5
2161.25,133.0,83.0
2161.5,133.0,83.0
2161.75,132.25,82.0
2162.0,133.25,81.5
2162.25,133.25,80.0
2162.5,134.0,78.5
2162.75,134.0,79.0
2163.0,134.0,79.5
2163.25,134.0,80.0
2163.5,135.25,80.5
2163.75,135.25,80.5
2164.0,136.0,80.0
2164.25,135.0,82.0
2164.5,135.0,81.5
2164.75,134.25,82.0
2165.0,134.25,82.0
2165.25,132.75,83.0
2165.5,132.75,83.5
2165.75,133.5,83.5
2166.0,133.5,84.0
2166.25,133.5,83.5
2166.5,132.25,82.5
2166.75,132.25,82.0
2167.0,133.75,82.0
2167.25,133.75,82.5
2167.5,134.0,82.5
2167.75,134.0,83.0
2168.0,133.25,83.0
2168.25,133.5,84.5
2168.5,133.5,83.5
2168.75,132.5,82.0
2169.0,132.5,82.5
2169.25,132.0,82.5
2169.5,132.0,82.5
2169.75,132.75,83.0
2170.0,132.75,84.0
2170.25,133.25,84.0
2170.5,133.25,82.5
2170.75,133.5,82.0
2171.0,133.0,81.0
2171.25,133.0,82.0
2171.5,133.25,82.5
2171.75,133.25,80.5
2172.0,131.5,83.5
2172.25,131.5,80.0
2172.5,132.75,81.0
2172.75,132.75,80.5
2173.0,134.25,79.5
2173.25,134.75,79.0
2173.5,134.75,81.5
2173.75,134.75,82.5
2174.0,134.75,83.5
2174.25,135.5,84.0
2174.5,135.5,84.0
2174.75,135.5,83.0
2175.0,135.5,81.0
2175.25,135.5,80.5
2175.5,135.25,81.5
2175.75,135.25,82.5
2176.0,136.25,83.0
2176.25,136.25,81.5
2176.5,136.75,81.5
2176.75,136.75,81.5
2177.0,136.75,81.5
2177.25,137.25,80.5
2177.5,137.25,79.5
2177.75,139.5,78.5
2178.0,139.5,80.0
2178.25,139.0,79.5
2178.5,139.5,84.5
2178.75,139.5,82.5
2179.0,139.5,80.5
2179.25,139.5,80.5
2179.5,138.25,80.5
2179.75,138.25,83.0
2180.0,135.5,83.5
2180.25,135.0,84.0
2180.5,135.0,20.0
2180.75,134.75,20.0
2181.0,134.75,20.0
2181.25,134.75,20.0
2181.5,134.75,20.0
2181.75,134.25,22.0
2182.0,134.25,23.0
2182.25,134.25,23.5
2182.5,134.0,25.0
2182.75,134.0,24.0
2183.0,134.0,25.0
2183.25,134.0,25.5
2183.5,134.25,25.0
2183.75,134.25,24.0
2184.0,133.25,22.0
2184.25,133.5,24.0
2184.5,133.5,22.5
2184.75,133.5,23.5
2185.0,133.5,24.0
2185.25,134.25,26.5
2185.5,134.25,24.5
2185.75,135.0,24.5
2186.0,135.5,23.5
2186.25,135.5,22.0
2186.5,136.0,23.5
2186.75,136.0,24.0
2187.0,136.75,24.0
2187.25,136.75,25.5
2187.5,135.5,26.0
2187.75,135.5,27.0
2188.0,135.5,27.5
2188.25,136.5,28.0
2188.5,136.5,27.0
2188.75,136.0,27.0
2189.0,136.0,29.5
2189.25,136.75,28.5
2189.5,136.75,29.0
2189.75,135.25,30.0
2190.0,135.5,29.5
2190.25,135.5,30.0
2190.5,135.25,31.5
2190.75,135.25,28.5
2191.0,135.75,30.5
2191.25,135.75,31.5
2191.5,136.5,31.5
2191.75,137.0,33.0
2192.0,137.0,33.0
2192.25,137.5,31.5
2192.5,137.5,33.0
2192.75,137.75,31.5
2193.0,137.75,32.5
2193.25,138.0,33.5
2193.5,139.25,32.5
2193.75,139.25,32.5
2194.0,140.25,31.5
2194.25,140.25,32.5
2194.5,138.0,35.0
2194.75,139.5,36.5
2195.0,139.5,36.5
2195.25,140.25,37.0
2195.5,140.25,37.5
2195.75,140.25,36.0
2196.0,140.25,37.0
2196.25,140.75,36.5
2196.5,140.0,35.5
2196.75,140.0,36.5
2197.0,140.75,36.5
2197.25,140.75,37.0
2197.5,141.0,37.0
2197.75,140.5,37.0
2198.0,140.5,36.5
2198.25,139.75,35.5
2198.5,139.75,35.0
2198.75,139.25,33.5
2199.0,139.25,32.5
2199.25,138.5,31.0
2199.5,136.75,31.0
2199.75,136.75,30.5
2200.0,137.0,30.0
2200.25,137.0,30.5
2200.5,136.5,31.5
2200.75,136.5,30.5
2201.0,135.75,29.5
2201.25,134.0,31.0
2201.5,134.0,32.0
2201.75,134.25,31.0
2202.0,134.25,28.5
2202.25,134.25,27.0
2202.5,134.25,28.5
2202.75,134.25,30.0
2203.0,134.25,31.5
2203.25,134.5,30.0
2203.5,134.75,31.0
2203.75,134.75,31.0
2204.0,134.5,31.0
2204.25,134.5,33.5
2204.5,136.5,33.0
2204.75,136.5,32.5
2205.0,133.25,32.5
2205.25,133.25,31.0
2205.5,133.75,31.0
2205.75,133.5,29.5
2206.0,133.5,29.0
2206.25,133.25,30.0
2206.5,133.25,30.0
2206.75,132.5,28.5
2207.0,132.5,27.5
2207.25,131.5,27.0
2207.5,131.5,29.0
2207.75,131.25,27.5
2208.0,130.75,28.5
2208.25,130.75,29.0
2208.5,130.75,28.5
2208.75,130.75,30.5
2209.0,130.25,30.5
2209.25,130.25,31.5
2209.5,130.25,31.0
2209.75,130.25,30.5
2210.0,130.25,29.5
2210.25,130.25,28.5
2210.5,130.25,30.5
2210.75,130.25,31.0
2211.0,130.25,31.0
2211.25,129.75,29.5
2211.5,129.75,27.0
2211.75,130.25,25.0
2212.0,130.25,25.0
2212.25,129.5,26.0
2212.5,129.5,26.5
2212.75,128.0,27.5
2213.0,128.0,27.5
2213.25,127.0,26.5
2213.5,127.0,25.0
2213.75,126.0,25.0
2214.0,126.0,24.0
2214.25,126.25,23.5
2214.5,126.25,24.0
2214.75,125.5,25.0
2215.0,125.5,25.0
2215.25,125.5,24.0
2215.5,123.75,23.0
2215.75,123.75,23.5
2216.0,121.75,23.5
2216.25,121.75,24.0
2216.5,123.0,23.0
2216.75,123.0,22.5
2217.0,123.0,22.0
2217.25,123.0,21.5
2217.5,123.5,25.0
2217.75,123.5,25.0
2218.0,123.0,25.0
2218.25,123.0,25.5
2218.5,124.75,21.5
2218.75,124.75,21.0
2219.0,125.0,20.0
2219.25,125.0,19.5
2219.5,126.25,19.0
2219.75,126.25,19.0
2220.0,126.75,21.5
2220.25,126.75,22.0
2220.5,126.5,20.0
2220.75,126.5,17.5
2221.0,128.5,17.0
2221.25,128.75,18.0
2221.5,128.75,19.5
2221.75,131.5,19.0
2222.0,131.5,18.0
2222.25,131.5,20.0
2222.5,131.5,20.0
2222.75,131.5,20.0
2223.0,131.5,19.5
2223.25,131.5,19.5
2223.5,131.5,19.5
2223.75,131.5,19.5
2224.0,131.75,20.5
2224.25,131.75,21.0
2224.5,132.75,20.5
2224.75,132.75,19.5
2225.0,131.0,19.0
2225.25,131.0,19.0
2225.5,129.5,17.5
2225.75,129.5,17.0
2226.0,126.75,17.0
2226.25,126.75,17.5
2226.5,125.25,17.5
2226.75,125.25,18.0
2227.0,123.0,17.5
2227.25,123.0,17.5
2227.5,123.0,17.0
2227.75,123.75,17.0
2228.0,123.75,17.0
2228.25,123.5,16.0
2228.5,123.5,18.0
2228.75,125.0,17.5
2229.0,125.0,18.0
2229.25,125.75,18.0
2229.5,125.75,17.5
2229.75,127.25,17.0
2230.0,127.25,17.0
2230.25,129.25,16.5
2230.5,129.25,16.5
2230.75,130.0,17.0
2231.0,130.0,17.0
2231.25,130.25,16.0
2231.5,130.25,14.0
2231.75,130.75,13.5
2232.0,130.75,14.5
2232.25,130.75,14.0
2232.5,130.25,14.0
2232.75,130.25,13.5
2233.0,129.75,16.5
2233.25,129.75,17.5
2233.5,129.5,19.0
2233.75,129.5,17.5
2234.0,131.25,15.0
2234.25,131.25,14.5
2234.5,128.5,13.5
2234.75,128.0,13.5
2235.0,128.0,13.5
2235.25,128.5,15.5
2235.5,128.5,17.5
2235.75,126.75,19.5
2236.0,126.75,20.5
2236.25,126.75,19.5
2236.5,126.75,19.0
2236.75,125.25,19.5
2237.0,125.25,20.0
2237.25,125.0,20.5
2237.5,125.0,20.5
2237.75,125.0,20.0
2238.0,125.0,20.0
2238.25,124.0,19.5
2238.5,124.0,19.5
2238.75,124.75,19.0
2239.0,124.75,19.0
2239.25,125.0,19.5
2239.5,125.0,18.5
2239.75,125.0,19.0
2240.0,125.75,18.0
2240.25,125.75,18.0
2240.5,125.5,16.5
2240.75,125.5,16.0
2241.0,126.75,15.0
2241.25,126.75,14.5
2241.5,126.75,16.0
2241.75,126.75,19.0
2242.0,126.25,18.0
2242.25,126.25,18.0
2242.5,126.75,17.0
2242.75,126.75,17.0
2243.0,128.0,17.0
2243.25,128.0,18.0
2243.5,129.0,18.5
2243.75,128.25,19.5
2244.0,128.25,16.5
2244.25,129.0,17.5
2244.5,129.0,15.5
2244.75,129.0,17.0
2245.0,129.0,19.5
2245.25,129.25,20.5
2245.5,129.25,21.5
2245.75,128.75,21.0
2246.0,128.75,21.0
2246.25,130.0,19.5
2246.5,130.0,19.5
2246.75,130.75,19.5
2247.0,129.5,19.0
2247.25,129.5,19.0
2247.5,130.75,17.5
2247.75,130.75,18.5
2248.0,130.25,19.5
2248.25,130.25,18.0
2248.5,130.25,18.5
2248.75,130.25,19.5
2249.0,131.0,20.0
2249.25,131.0,21.0
2249.5,129.5,19.5
2249.75,129.5,17.0
2250.0,129.5,17.5
2250.25,129.0,17.5
2250.5,129.0,17.5
2250.75,129.0,17.5
2251.0,130.25,18.0
2251.25,130.25,17.0
2251.5,131.5,15.5
2251.75,131.5,15.0
2252.0,131.75,15.0
2252.25,132.25,15.5
2252.5,132.25,15.5
2252.75,133.5,15.5
2253.0,133.5,15.0
2253.25,132.75,14.5
2253.5,132.75,14.0
2253.75,133.5,12.0
2254.0,133.5,13.5
2254.25,134.25,14.0
2254.5,134.25,17.0
2254.75,134.25,17.0
2255.0,133.25,16.5
2255.25,133.25,15.5
2255.5,133.25,16.0
2255.75,133.25,16.5
2256.0,132.0,16.5
2256.25,132.0,17.0
2256.5,131.75,19.0
2256.75,131.75,19.5
2257.0,130.75,19.5
2257.25,132.0,20.0
2257.5,132.0,18.5
2257.75,131.5,16.5
2258.0,131.5,16.0
2258.25,130.75,15.5
2258.5,130.75,16.5
2258.75,130.25,18.0
2259.0,130.25,17.5
2259.25,131.0,15.5
2259.5,131.0,13.5
2259.75,130.75,14.0
2260.0,130.75,15.0
2260.25,130.75,15.0
2260.5,131.25,15.5
2260.75,131.25,16.5
2261.0,130.75,17.0
2261.25,130.75,17.0
2261.5,131.5,17.5
2261.75,131.5,18.0
2262.0,132.75,19.0
2262.25,132.75,19.0
2262.5,133.0,19.0
2262.75,133.0,19.0
2263.0,134.0,19.5
2263.25,134.0,19.5
2263.5,134.5,20.0
2263.75,134.5,19.5
2264.0,135.0,19.0
2264.25,135.75,17.0
2264.5,135.75,17.5
2264.75,136.5,18.5
2265.0,136.5,19.5
2265.25,136.25,19.5
2265.5,136.25,20.0
2265.75,136.75,20.5
2266.0,136.75,20.0
2266.25,135.75,19.5
2266.5,135.75,19.5
2266.75,135.75,20.5
2267.0,135.75,21.5
2267.25,135.75,21.0
2267.5,136.0,20.0
2267.75,136.0,19.5
2268.0,135.75,20.0
2268.25,135.25,21.0
2268.5,135.25,20.0
2268.75,135.0,20.5
2269.0,135.0,21.0
2269.25,135.0,21.0
2269.5,135.0,21.0
2269.75,135.0,20.0
2270.0,135.0,20.5
2270.25,134.25,21.0
2270.5,133.75,19.5
2270.75,133.75,18.5
2271.0,133.0,19.0
2271.25,133.0,19.5
2271.5,134.25,20.0
2271.75,134.25,20.5
2272.0,133.75,20.0
2272.25,133.25,20.0
2272.5,133.25,19.0
2272.75,134.5,18.0
2273.0,134.5,19.0
2273.25,135.0,19.5
2273.5,135.0,21.5
2273.75,134.0,24.0
2274.0,134.0,25.0
2274.25,133.0,21.5
2274.5,132.0,20.0
2274.75,132.0,20.5
2275.0,132.0,21.0
2275.25,132.0,21.0
2275.5,132.5,21.0
2275.75,132.5,23.5
2276.0,131.25,22.5
2276.25,131.25,22.0
2276.5,131.5,26.5
2276.75,134.5,30.0
2277.0,134.5,33.5
2277.25,132.75,34.5
2277.5,132.75,34.5
2277.75,133.5,32.5
2278.0,133.5,30.0
2278.25,135.0,28.0
2278.5,135.0,28.0
2278.75,135.75,27.0
2279.0,136.0,25.0
2279.25,136.0,24.5
2279.5,136.0,22.5
2279.75,136.0,21.0
2280.0,135.75,19.5
2280.25,135.75,18.0
2280.5,138.0,16.5
2280.75,138.5,15.0
2281.0,138.5,16.0
2281.25,137.5,15.0
2281.5,137.5,14.0
2281.75,137.5,13.0
2282.0,137.5,12.0
2282.25,136.75,12.5
2282.5,136.5,13.0
2282.75,136.5,13.0
2283.0,137.5,11.5
2283.25,137.5,12.0
2283.5,136.75,11.0
2283.75,136.75,10.0
2284.0,136.5,10.0
2284.25,136.75,10.0
2284.5,136.75,9.5
2284.75,135.25,10.0
2285.0,135.25,10.5
2285.25,135.25,10.5
2285.5,135.25,11.0
2285.75,135.5,10.0
2286.0,135.25,11.5
2286.25,135.25,11.5
2286.5,134.25,12.0
2286.75,134.25,11.5
2287.0,133.75,11.0
2287.25,133.75,10.0
2287.5,134.75,10.0
2287.75,134.75,11.0
2288.0,135.75,11.5
2288.25,133.75,11.5
2288.5,133.75,12.5
2288.75,133.75,11.5
2289.0,133.75,9.5
2289.25,133.75,9.0
2289.5,133.75,9.0
2289.75,133.5,9.5
2290.0,133.5,9.0
2290.25,135.5,8.0
2290.5,133.5,8.5
2290.75,133.5,10.0
2291.0,133.5,10.0
2291.25,133.5,9.5
2291.5,134.0,9.5
2291.75,134.0,9.5
2292.0,134.0,10.0
2292.25,134.25,11.0
2292.5,134.25,11.0
2292.75,132.75,10.0
2293.0,132.75,11.5
2293.25,134.25,12.5
2293.5,134.25,13.0
2293.75,134.5,12.5
2294.0,134.5,11.5
2294.25,133.75,12.0
2294.5,134.0,13.0
2294.75,134.0,13.5
2295.0,134.25,12.5
2295.25,134.25,12.5
2295.5,134.75,12.0
2295.75,134.75,12.0
2296.0,135.25,12.0
2296.25,135.75,12.0
2296.5,135.75,12.0
2296.75,136.75,12.0
2297.0,136.75,12.0
2297.25,137.25,11.5
2297.5,137.25,12.0
2297.75,137.25,12.5
2298.0,137.25,12.0
2298.25,138.0,12.0
2298.5,138.25,12.5
2298.75,138.25,12.5
2299.0,138.5,12.5
2299.25,138.5,13.5
2299.5,138.5,13.5
2299.75,137.75,13.5
2300.0,137.75,13.0
2300.25,138.0,12.0
2300.5,138.0,12.0
2300.75,138.25,11.5
2301.0,138.25,11.5
2301.25,137.25,11.0
2301.5,136.0,11.5
2301.75,136.0,12.0
2302.0,135.75,13.0
2302.25,135.75,13.0
2302.5,136.25,13.0
2302.75,136.25,12.5
2303.0,135.5,12.0
2303.25,136.75,12.0
2303.5,136.75,11.5
2303.75,135.5,12.0
2304.0,135.5,13.0
2304.25,135.25,13.5
2304.5,135.25,13.5
2304.75,134.25,13.5
2305.0,134.25,12.0
2305.25,135.25,11.5
2305.5,134.75,11.5
2305.75,134.75,12.5
2306.0,135.75,12.5
2306.25,135.75,12.5
2306.5,135.75,12.5
2306.75,135.75,13.0
2307.0,135.25,11.5
2307.25,135.25,11.5
2307.5,135.25,11.5
2307.75,134.25,11.0
2308.0,134.25,12.0
2308.25,133.75,12.0
2308.5,133.75,12.5
2308.75,134.75,11.0
2309.0,134.75,10.0
2309.25,135.0,10.0
2309.5,133.75,11.0
2309.75,133.75,10.5
2310.0,134.25,10.5
2310.25,134.25,10.0
2310.5,135.75,10.0
2310.75,135.75,11.0
2311.0,136.25,11.0
2311.25,136.25,12.0
2311.5,132.75,12.5
2311.75,134.0,13.0
2312.0,134.0,12.5
2312.25,134.25,12.5
2312.5,134.25,13.0
2312.75,134.25,13.0
2313.0,134.25,13.5
2313.25,135.25,13.0
2313.5,136.25,13.5
2313.75,136.25,14.0
2314.0,135.0,14.0
2314.25,135.0,13.5
2314.5,135.5,13.0
2314.75,135.5,13.5
2315.0,136.25,13.0
2315.25,135.0,11.5
2315.5,135.0,12.0
2315.75,135.25,12.0
2316.0,135.25,13.5
2316.25,137.0,13.5
2316.5,137.0,13.0
2316.75,137.0,12.5
2317.0,137.0,12.0
2317.25,135.0,12.5
2317.5,134.75,13.0
2317.75,134.75,12.0
2318.0,135.0,10.0
2318.25,135.0,10.0
2318.5,135.25,11.0
2318.75,135.5,10.5
2319.0,135.5,11.0
2319.25,136.5,11.5
2319.5,136.5,12.0
2319.75,136.75,11.5
2320.0,136.75,11.0
2320.25,136.75,10.0
2320.5,136.75,11.5
2320.75,136.25,11.5
2321.0,136.5,11.5
2321.25,136.5,11.5
2321.5,137.0,11.5
2321.75,137.0,11.0
2322.0,136.75,10.0
2322.25,137.5,11.0
2322.5,137.5,12.0
2322.75,137.5,13.0
2323.0,137.5,13.0
2323.25,137.5,12.5
2323.5,137.5,13.0
2323.75,136.25,14.5
2324.0,136.25,13.5
2324.25,136.75,13.0
2324.5,136.75,13.0
2324.75,136.75,13.5
2325.0,137.0,13.5
2325.25,137.0,14.0
2325.5,136.75,15.5
2325.75,137.25,15.0
2326.0,137.25,14.5
2326.25,137.0,15.0
2326.5,137.0,14.0
2326.75,137.5,13.5
2327.0,137.5,13.5
2327.25,137.0,13.0
2327.5,137.0,13.0
2327.75,137.0,13.5
2328.0,137.25,14.0
2328.25,137.25,15.0
2328.5,137.0,14.0
2328.75,137.0,14.5
2329.0,137.25,15.0
2329.25,137.25,14.5
2329.5,137.0,13.5
2329.75,137.0,12.0
2330.0,137.0,13.0
2330.25,137.5,11.5
2330.5,137.5,12.0
2330.75,135.75,12.0
2331.0,135.75,11.5
2331.25,136.0,11.5
2331.5,136.75,10.5
2331.75,136.75,10.0
2332.0,135.25,9.0
2332.25,135.25,8.0
2332.5,136.5,8.5
2332.75,136.5,8.0
2333.0,137.75,5.5
2333.25,136.75,6.0
2333.5,136.75,8.0
2333.75,136.25,9.0
2334.0,136.25,10.0
2334.25,135.75,9.5
2334.5,135.75,9.0
2334.75,136.75,10.0
2335.0,136.75,10.0
2335.25,136.75,11.0
2335.5,137.75,13.0
2335.75,137.75,14.0
2336.0,137.25,14.0
2336.25,137.25,13.5
2336.5,136.75,14.0
2336.75,137.75,14.5
2337.0,137.75,15.5
2337.25,139.0,15.5
2337.5,139.0,17.0
2337.75,138.5,18.5
2338.0,140.0,20.0
2338.25,140.0,22.5
2338.5,138.5,25.0
2338.75,138.5,23.5
2339.0,138.25,20.5
2339.25,138.25,19.5
2339.5,136.75,19.5
2339.75,137.5,19.5
2340.0,137.5,19.0
2340.25,137.5,19.5
2340.5,137.5,18.0
2340.75,136.75,15.0
2341.0,136.75,12.0
2341.25,136.5,10.5
2341.5,137.5,11.0
2341.75,137.5,9.5
2342.0,138.5,11.0
2342.25,138.5,11.0
2342.5,135.75,11.5
2342.75,135.75,11.0
2343.0,135.0,11.0
2343.25,135.75,10.0
2343.5,135.75,11.0
2343.75,135.5,9.5
2344.0,135.5,8.5
2344.25,136.5,9.5
2344.5,136.5,10.0
2344.75,135.0,11.5
2345.0,135.0,13.0
2345.25,133.5,14.0
2345.5,134.25,13.0
2345.75,134.25,12.5
2346.0,133.75,11.0
2346.25,133.75,9.0
2346.5,134.75,8.5
2346.75,134.75,9.5
2347.0,134.5,9.5
2347.25,134.5,8.0
2347.5,134.5,9.5
2347.75,135.0,10.5
2348.0,135.0,10.0
2348.25,136.25,10.0
2348.5,136.25,9.5
2348.75,133.25,9.0
2349.0,133.25,9.0
2349.25,133.75,9.0
2349.5,135.75,9.0
2349.75,135.75,9.5
2350.0,134.75,9.5
2350.25,134.75,10.5
2350.5,134.25,9.0
2350.75,134.25,9.0
2351.0,134.25,10.5
2351.25,134.25,9.0
2351.5,134.25,9.0
2351.75,134.25,9.0
2352.0,134.25,8.0
2352.25,133.75,9.5
2352.5,133.75,10.0
2352.75,134.25,9.5
2353.0,134.25,11.0
2353.25,135.25,11.0
2353.5,135.0,11.0
2353.75,135.0,9.5
2354.0,135.0,9.5
2354.25,135.0,9.5
2354.5,134.75,11.0
2354.75,134.75,10.0
2355.0,135.5,9.5
2355.25,135.5,9.0
2355.5,135.75,8.0
2355.75,136.0,7.5
2356.0,136.0,9.0
2356.25,135.25,9.5
2356.5,135.25,11.0
2356.75,134.25,10.5
2357.0,134.25,9.5
2357.25,134.75,9.0
2357.5,134.5,9.0
2357.75,134.5,10.0
2358.0,134.75,11.0
2358.25,134.75,10.0
2358.5,134.0,9.0
2358.75,134.0,8.0
2359.0,134.25,9.0
2359.25,134.25,11.0
2359.5,134.0,12.0
2359.75,133.75,11.5
2360.0,133.75,10.5
2360.25,134.0,11.0
2360.5,134.0,11.0
2360.75,134.25,15.5
2361.0,134.25,18.5
2361.25,135.25,23.0
2361.5,134.75,24.5
2361.75,134.75,26.0
2362.0,134.25,27.5
2362.25,134.25,28.0
2362.5,134.75,27.0
2362.75,134.75,27.5
2363.0,134.25,28.5
2363.25,134.25,28.5
2363.5,134.5,27.0
2363.75,133.0,25.0
2364.0,133.0,22.0
2364.25,133.25,18.0
2364.5,133.25,17.5
2364.75,133.5,18.5
2365.0,133.5,19.0
2365.25,134.25,18.5
2365.5,134.25,20.0
2365.75,133.75,20.0
2366.0,134.0,19.5
2366.25,134.0,18.5
2366.5,132.75,20.5
2366.75,132.75,20.0
2367.0,132.75,19.0
2367.25,132.75,20.0
2367.5,133.25,23.0
2367.75,137.0,24.0
2368.0,137.0,19.5
2368.25,134.5,18.5
2368.5,134.5,18.0
2368.75,135.75,17.5
2369.0,135.75,22.0
2369.25,135.75,25.0
2369.5,135.75,29.0
2369.75,135.75,33.0
2370.0,135.75,30.5
2370.25,135.75,29.0
2370.5,135.75,27.5
2370.75,135.5,30.5
2371.0,135.5,31.0
2371.25,135.5,31.5
2371.5,135.5,31.5
2371.75,135.5,32.0
2372.0,135.5,31.5
2372.25,135.5,33.0
2372.5,135.5,34.5
2372.75,135.5,38.5
2373.0,135.5,42.5
2373.25,135.5,42.5
2373.5,135.25,40.0
2373.75,135.25,40.5
2374.0,135.25,43.5
2374.25,0.0,44.0
2374.5,0.0,43.0
2374.75,0.0,43.5
2375.0,0.0,41.5
2375.25,119.0,41.0
2375.5,119.0,42.5
2375.75,112.75,46.0
2376.0,112.75,46.5
2376.25,111.5,46.5
2376.5,111.5,46.5
2376.75,111.5,47.0
2377.0,111.5,46.0
2377.25,110.0,46.5
2377.5,110.0,46.0
2377.75,110.0,45.0
2378.0,110.0,44.5
2378.25,110.0,43.5
2378.5,111.5,42.5
2378.75,111.5,40.5
2379.0,111.5,39.0
2379.25,108.75,37.0
2379.5,108.75,36.5
2379.75,108.5,36.5
2380.0,108.5,36.0
2380.25,110.25,37.5
2380.5,110.25,38.0
2380.75,110.25,35.5
2381.0,109.25,35.5
2381.25,109.25,36.5
2381.5,109.25,38.5
2381.75,109.25,39.5
2382.0,110.5,39.0
2382.25,110.5,39.0
2382.5,108.75,37.0
2382.75,108.75,37.0
2383.0,111.0,37.0
2383.25,111.0,36.5
2383.5,111.0,37.0
2383.75,110.5,37.5
2384.0,110.5,37.5
2384.25,110.0,36.0
2384.5,110.0,36.5
2384.75,110.75,37.5
2385.0,110.75,38.5
2385.25,109.0,38.5
2385.5,109.0,38.0
2385.75,105.25,38.0
2386.0,105.25,36.5
2386.25,104.0,37.0
2386.5,104.0,37.0
2386.75,105.25,37.5
2387.0,105.25,37.5
2387.25,105.5,37.5
2387.5,105.5,37.5
2387.75,106.0,36.5
2388.0,106.0,36.5
2388.25,106.0,36.5
2388.5,106.0,37.5
2388.75,106.0,37.5
2389.0,107.25,37.5
2389.25,107.25,36.5
2389.5,105.25,35.5
2389.75,105.25,34.0
2390.0,105.25,33.0
2390.25,106.25,33.5
2390.5,106.25,33.0
2390.75,108.0,33.5
2391.0,108.0,34.0
2391.25,106.0,31.5
2391.5,106.0,31.5
2391.75,106.75,32.0
2392.0,106.75,32.0
2392.25,108.25,32.5
2392.5,108.25,33.0
2392.75,108.25,32.5
2393.0,106.5,31.5
2393.25,106.5,29.0
2393.5,106.5,28.0
2393.75,106.5,28.0
2394.0,106.0,29.5
2394.25,106.0,30.5
2394.5,105.5,31.0
2394.75,105.5,31.0
2395.0,105.5,29.0
2395.25,105.5,29.0
2395.5,105.5,29.5
2395.75,105.5,31.0
2396.0,105.5,31.5
2396.25,103.0,33.0
2396.5,103.0,31.5
2396.75,103.0,30.5
2397.0,103.0,28.5
2397.25,100.0,28.0
2397.5,100.0,27.0
2397.75,100.5,25.0
2398.0,100.5,25.0
2398.25,101.5,27.0
2398.5,101.5,29.0
2398.75,101.5,27.5
2399.0,103.0,24.0
2399.25,103.0,25.5
2399.5,103.0,26.5
2399.75,103.25,26.5
2400.0,103.25,26.0
2400.25,100.0,23.0
2400.5,100.0,21.0
2400.75,101.25,21.5
2401.0,101.25,14.0
2401.25,101.25,18.0
2401.5,104.0,23.0
2401.75,104.0,23.5
2402.0,105.0,26.0
2402.25,105.0,29.5
2402.5,124.5,33.0
2402.75,124.5,33.0
2403.0,127.5,30.0
2403.25,127.5,28.5
2403.5,125.0,28.5
2403.75,125.0,29.0
2404.0,126.0,31.5
2404.25,126.0,34.0
2404.5,126.0,34.5
2404.75,126.75,33.5
2405.0,126.75,31.5
2405.25,125.0,28.5
2405.5,125.0,27.5
2405.75,125.25,27.0
2406.0,125.25,28.5
2406.25,125.75,31.5
2406.5,125.75,31.5
2406.75,126.5,27.0
2407.0,126.5,25.0
2407.25,127.5,25.0
2407.5,127.5,24.0
2407.75,129.0,25.0
2408.0,129.0,28.5
2408.25,130.25,28.0
2408.5,131.25,26.0
2408.75,131.25,26.0
2409.0,132.5,26.5
2409.25,132.5,24.0
2409.5,132.75,27.0
2409.75,132.75,29.0
2410.0,133.75,29.5
2410.25,134.25,28.5
2410.5,134.25,31.0
2410.75,134.5,29.0
2411.0,134.5,29.0
2411.25,133.75,27.0
2411.5,133.75,28.5
2411.75,133.5,28.5
2412.0,133.5,26.5
2412.25,133.25,24.0
2412.5,133.25,22.5
2412.75,132.0,21.0
2413.0,131.0,21.0
2413.25,131.0,21.0
2413.5,130.25,21.0
2413.75,130.25,23.5
2414.0,129.75,24.0
2414.25,129.75,23.5
2414.5,130.0,19.5
2414.75,130.0,20.0
2415.0,130.0,22.0
2415.25,130.0,21.5
2415.5,129.75,22.0
2415.75,129.75,19.5
2416.0,130.25,20.0
2416.25,130.5,22.5
2416.5,130.5,23.0
2416.75,130.5,23.5
2417.0,130.5,21.5
2417.25,130.75,18.0
2417.5,130.75,18.0
2417.75,130.5,18.5
2418.0,130.5,19.5
2418.25,131.5,20.0
2418.5,131.5,23.0
2418.75,131.5,26.0
2419.0,131.5,27.0
2419.25,131.5,28.5
2419.5,130.75,29.5
2419.75,130.75,29.0
2420.0,131.5,27.0
2420.25,131.5,29.0
2420.5,131.25,28.5
2420.75,131.25,28.0
2421.0,131.0,27.0
2421.25,131.0,25.0
2421.5,131.0,23.5
2421.75,131.75,25.0
2422.0,131.75,35.0
2422.25,133.0,37.5
2422.5,133.0,35.5
2422.75,133.75,33.0
2423.0,133.75,31.0
2423.25,134.25,28.5
2423.5,134.25,30.5
2423.75,134.25,29.0
2424.0,135.0,27.5
2424.25,135.0,27.0
2424.5,134.5,26.0
2424.75,134.5,21.5
2425.0,134.75,18.0
2425.25,134.75,15.0
2425.5,134.5,11.5
2425.75,134.25,10.5
2426.0,134.25,9.0
2426.25,135.0,7.5
2426.5,135.0,8.0
2426.75,134.5,8.5
2427.0,134.5,9.0
2427.25,134.75,9.5
2427.5,134.75,11.0
2427.75,135.25,10.5
2428.0,136.0,9.5
2428.25,136.0,9.0
2428.5,137.0,9.5
2428.75,137.0,11.0
2429.0,137.5,11.5
2429.25,138.0,13.0
2429.5,138.0,13.5
2429.75,138.5,14.0
2430.0,138.5,14.5
2430.25,138.25,13.5
2430.5,138.25,13.0
2430.75,137.5,12.0
2431.0,137.25,9.5
2431.25,137.25,9.0
2431.5,138.5,10.0
2431.75,138.5,13.0
2432.0,138.0,14.5
2432.25,138.0,15.0
2432.5,137.5,14.5
2432.75,137.0,14.5
2433.0,137.0,14.5
2433.25,137.0,12.0
2433.5,137.0,11.5
2433.75,136.0,13.0
2434.0,136.0,13.5
2434.25,136.0,15.0
2434.5,134.5,15.5
2434.75,135.0,15.0
2435.0,135.0,15.0
2435.25,135.25,13.0
2435.5,135.25,13.0
2435.75,133.5,13.5
2436.0,133.5,14.0
2436.25,134.25,14.0
2436.5,134.25,15.0
2436.75,134.75,13.0
2437.0,135.75,12.5
2437.25,135.75,12.5
2437.5,135.75,11.5
2437.75,135.25,5.5
2438.0,135.25,0.0
2438.25,135.25,0.0
2438.5,135.25,0.0
2438.75,135.25,0.0
2439.0,135.25,0.0
2439.25,135.25,0.0
2439.5,135.25,0.0
2439.75,135.5,0.0
2440.0,135.5,0.0
2440.25,135.5,0.0
2440.5,135.25,0.0
2440.75,135.25,0.0
2441.0,135.25,0.0
2441.25,135.25,0.0
2441.5,135.25,0.0
2441.75,0.0,0.0
2442.0,0.0,0.0
2442.25,0.0,3.0
2442.5,0.0,7.0
2442.75,0.0,12.0
2443.0,0.0,15.0
2443.25,139.75,19.5
2443.5,139.75,19.0
2443.75,140.0,23.5
2444.0,139.5,28.0
2444.25,139.5,31.0
2444.5,139.5,30.5
2444.75,139.5,29.0
2445.0,139.5,29.0
2445.25,139.5,30.0
2445.5,139.75,31.0
2445.75,140.25,29.5
2446.0,140.25,30.5
2446.25,140.75,31.5
2446.5,140.75,31.0
2446.75,140.75,29.5
2447.0,140.25,29.5
2447.25,140.25,29.0
2447.5,140.0,29.0
2447.75,140.0,29.0
2448.0,139.5,29.0
2448.25,139.5,29.0
2448.5,138.5,28.5
2448.75,138.25,28.0
2449.0,138.25,28.5
2449.25,138.0,30.5
2449.5,138.0,30.5
2449.75,137.5,29.0
2450.0,137.5,29.5
2450.25,137.0,30.5
2450.5,137.25,31.0
2450.75,137.25,32.0
2451.0,137.5,33.5
2451.25,137.5,32.5
2451.5,136.25,32.5
2451.75,136.25,31.0
2452.0,136.5,29.5
2452.25,136.25,29.5
2452.5,136.25,29.5
2452.75,135.75,29.0
2453.0,135.75,29.5
2453.25,136.0,31.0
2453.5,136.0,29.5
2453.75,136.0,27.5
2454.0,136.25,27.5
2454.25,136.25,29.5
2454.5,135.75,29.5
2454.75,135.75,29.5
2455.0,135.75,28.0
2455.25,135.75,27.0
2455.5,135.75,26.5
2455.75,135.75,27.5
2456.0,136.25,28.5
2456.25,135.25,28.0
2456.5,135.25,27.5
2456.75,135.75,27.5
2457.0,135.75,27.5
2457.25,136.0,27.5
2457.5,136.0,27.0
2457.75,136.75,27.5
2458.0,137.0,28.0
2458.25,137.0,28.0
2458.5,137.5,28.0
2458.75,137.5,27.5
2459.0,138.5,27.5
2459.25,138.5,26.0
2459.5,139.75,26.0
2459.75,140.25,29.0
2460.0,140.25,30.5
2460.25,139.0,27.0
2460.5,139.0,26.0
2460.75,138.0,27.0
2461.0,138.5,28.0
2461.25,138.5,27.5
2461.5,139.0,26.0
2461.75,139.0,27.0
2462.0,138.25,26.5
2462.25,138.25,26.0
2462.5,138.25,26.0
2462.75,137.75,29.5
2463.0,137.75,29.5
2463.25,137.0,29.0
2463.5,137.0,26.0
2463.75,136.5,28.5
2464.0,136.5,26.5
2464.25,136.75,23.0
2464.5,135.75,23.5
2464.75,135.75,25.0
2465.0,136.0,25.5
2465.25,136.0,26.0
2465.5,136.0,27.0
2465.75,136.0,26.0
2466.0,136.0,26.5
2466.25,136.0,27.0
2466.5,136.25,26.5
2466.75,135.75,26.0
2467.0,135.75,25.5
2467.25,136.25,25.0
2467.5,136.25,24.5
2467.75,136.0,25.0
2468.0,136.0,27.0
2468.25,136.0,28.5
2468.5,136.25,29.0
2468.75,136.25,29.0
2469.0,136.25,28.5
2469.25,136.25,27.0
2469.5,135.75,25.5
2469.75,135.75,25.0
2470.0,135.75,24.0
2470.25,137.5,24.5
2470.5,137.5,25.5
2470.75,137.25,27.5
2471.0,137.25,27.5
2471.25,137.25,27.0
2471.5,137.25,27.5
2471.75,137.5,27.0
2472.0,138.5,26.0
2472.25,138.5,26.0
2472.5,138.75,25.5
2472.75,138.75,25.5
2473.0,139.25,27.0
2473.25,139.25,27.5
2473.5,139.25,28.5
2473.75,139.25,29.0
2474.0,139.25,28.0
2474.25,139.75,26.0
2474.5,139.75,24.5
2474.75,139.0,24.5
2475.0,139.5,24.5
2475.25,139.5,25.0
2475.5,138.5,25.0
2475.75,138.5,24.0
2476.0,139.25,22.5
2476.25,139.25,21.5
2476.5,139.5,22.5
2476.75,138.75,20.5
2477.0,138.75,19.0
2477.25,138.75,17.0
2477.5,138.75,15.0
2477.75,139.5,13.0
2478.0,139.5,12.0
2478.25,139.5,11.0
2478.5,140.0,11.5
2478.75,140.0,11.0
2479.0,140.0,10.0
2479.25,140.0,8.5
2479.5,140.75,5.5
2479.75,140.75,6.0
2480.0,140.75,8.0
2480.25,139.75,12.0
2480.5,139.75,12.0
2480.75,140.0,22.5
2481.0,139.75,20.5
2481.25,139.75,17.0
2481.5,140.25,19.5
2481.75,140.25,20.0
2482.0,139.5,21.0
2482.25,139.5,21.5
2482.5,138.5,21.5
2482.75,137.75,20.0
2483.0,137.75,19.0
2483.25,137.0,17.0
2483.5,137.0,15.0
2483.75,136.25,12.0
2484.0,136.25,9.0
2484.25,136.5,4.5
2484.5,135.75,3.0
2484.75,135.75,1.5
2485.0,136.75,3.0
2485.25,136.75,6.0
2485.5,136.75,7.5
2485.75,136.75,10.5
2486.0,136.75,12.0
2486.25,136.75,12.0
2486.5,136.75,13.5
2486.75,136.75,17.0
2487.0,136.75,16.5
2487.25,137.0,17.5
2487.5,137.0,22.0
2487.75,136.75,25.0
2488.0,136.75,24.0
2488.25,137.5,24.5
2488.5,138.5,25.5
2488.75,138.5,25.0
2489.0,139.75,29.0
2489.25,139.75,32.5
2489.5,140.0,34.0
2489.75,139.5,37.0
2490.0,139.5,39.0
2490.25,139.5,36.5
2490.5,139.5,38.0
2490.75,139.5,37.5
2491.0,139.5,37.0
2491.25,139.75,38.5
2491.5,138.25,39.0
2491.75,138.25,39.0
2492.0,137.25,39.0
2492.25,137.25,37.5
2492.5,136.25,35.5
2492.75,136.25,33.5
2493.0,134.25,37.5
2493.25,133.25,40.0
2493.5,133.25,41.0
2493.75,132.75,42.5
2494.0,132.75,42.5
2494.25,132.25,43.0
2494.5,132.25,43.0
2494.75,131.5,42.0
2495.0,131.5,42.0
2495.25,131.25,42.5
2495.5,131.25,43.0
2495.75,130.5,44.5
2496.0,130.5,46.0
2496.25,130.25,45.5
2496.5,129.5,48.5
2496.75,129.5,51.0
2497.0,129.0,51.5
2497.25,129.0,52.5
2497.5,128.0,52.5
2497.75,128.0,51.5
2498.0,127.0,50.0
2498.25,127.0,49.0
2498.5,126.75,50.0
2498.75,126.75,50.0
2499.0,127.5,47.0
2499.25,127.5,45.5
2499.5,128.5,43.0
2499.75,129.0,41.0
2500.0,129.0,39.0
2500.25,129.0,31.5
2500.5,129.5,27.0
2500.75,129.5,30.0
2501.0,128.0,31.5
2501.25,128.0,33.0
2501.5,128.0,33.5
2501.75,134.0,33.5
2502.0,134.0,33.5
2502.25,130.75,33.0
2502.5,132.5,31.5
2502.75,132.5,34.5
2503.0,132.75,34.5
2503.25,132.75,32.5
2503.5,133.0,34.5
2503.75,133.0,40.0
2504.0,132.0,37.0
2504.25,132.0,39.0
2504.5,132.0,38.0
2504.75,131.75,35.5
2505.0,131.75,32.5
2505.25,131.5,31.5
2505.5,131.5,30.5
2505.75,131.0,29.0
2506.0,131.0,30.0
2506.25,130.75,31.0
2506.5,130.75,31.0
2506.75,130.5,32.5
2507.0,130.5,32.0
2507.25,130.75,30.5
2507.5,130.75,29.0
2507.75,131.25,30.0
2508.0,130.5,32.5
2508.25,130.5,31.5
2508.5,130.5,32.5
2508.75,130.5,32.5
2509.0,130.25,31.5
2509.25,130.25,30.5
2509.5,130.25,30.5
2509.75,130.25,30.5
2510.0,130.5,30.5
2510.25,130.5,30.5
2510.5,130.5,29.5
2510.75,130.0,28.5
2511.0,130.0,28.5
2511.25,130.5,27.5
2511.5,130.5,27.5
2511.75,130.25,29.0
2512.0,130.25,29.5
2512.25,130.25,29.5
2512.5,130.25,31.5
2512.75,130.25,33.5
2513.0,130.25,33.5
2513.25,129.5,33.5
2513.5,128.75,35.0
2513.75,128.75,36.5
2514.0,128.75,37.5
2514.25,130.25,37.5
2514.5,130.75,38.5
2514.75,130.75,40.5
2515.0,130.75,41.0
2515.25,130.75,41.0
2515.5,131.5,40.5
2515.75,131.5,39.0
2516.0,131.75,38.5
2516.25,132.0,37.0
2516.5,132.0,35.5
2516.75,132.0,34.5
2517.0,132.0,34.5
2517.25,132.75,34.0
2517.5,132.75,33.5
2517.75,133.25,32.5
2518.0,133.25,32.5
2518.25,133.5,31.5
2518.5,133.0,29.0
2518.75,133.0,29.0
2519.0,134.0,28.0
2519.25,134.0,28.5
2519.5,132.75,27.0
2519.75,132.75,27.0
2520.0,132.0,27.0
2520.25,132.0,27.5
2520.5,131.75,28.0
2520.75,132.0,26.0
2521.0,132.0,26.0
2521.25,131.5,24.0
2521.5,131.5,23.5
2521.75,131.75,21.5
2522.0,131.75,20.5
2522.25,130.75,21.0
2522.5,130.75,21.5
2522.75,130.75,23.0
2523.0,130.75,24.0
2523.25,130.25,24.0
2523.5,130.25,22.0
2523.75,130.25,21.0
2524.0,131.0,21.0
2524.25,131.0,21.0
2524.5,131.0,21.5
2524.75,131.0,22.0
2525.0,131.75,21.5
2525.25,131.75,20.0
2525.5,131.25,20.0
2525.75,131.25,19.5
2526.0,131.5,20.0
2526.25,132.75,20.5
2526.5,132.75,20.0
2526.75,133.0,20.0
2527.0,133.0,20.0
2527.25,132.0,20.0
2527.5,132.0,20.0
2527.75,133.0,19.5
2528.0,133.0,19.5
2528.25,132.75,20.5
2528.5,132.0,21.0
2528.75,132.0,20.0
2529.0,132.0,19.5
2529.25,132.0,20.0
2529.5,132.0,20.0
2529.75,132.0,19.5
2530.0,131.5,18.5
2530.25,131.5,17.5
2530.5,131.5,19.5
2530.75,132.75,23.5
2531.0,132.75,23.5
2531.25,134.0,26.0
2531.5,134.0,26.5
2531.75,134.0,27.0
2532.0,129.75,28.5
2532.25,129.75,28.0
2532.5,129.75,28.0
2532.75,134.25,28.5
2533.0,134.25,29.5
2533.25,134.0,29.0
2533.5,134.0,29.5
2533.75,135.0,30.5
2534.0,135.0,29.0
2534.25,134.75,29.0
2534.5,134.75,27.5
2534.75,135.25,26.5
2535.0,135.75,26.5
2535.25,135.75,26.5
2535.5,135.75,26.0
2535.75,135.75,27.5
2536.0,136.75,27.5
2536.25,136.75,27.5
2536.5,136.75,27.5
2536.75,135.75,27.5
2537.0,135.75,26.5
2537.25,137.75,26.5
2537.5,137.75,27.5
2537.75,137.0,28.0
2538.0,137.0,26.5
2538.25,138.5,24.0
2538.5,138.25,22.5
2538.75,138.25,24.0
2539.0,136.75,23.5
2539.25,136.75,26.0
2539.5,137.25,25.0
2539.75,137.25,25.5
2540.0,139.0,25.0
2540.25,139.0,25.5
2540.5,139.0,26.0
2540.75,138.25,26.0
2541.0,138.25,28.5
2541.25,137.0,29.5
2541.5,137.0,28.5
2541.75,137.5,28.5
2542.0,137.75,30.0
2542.25,137.75,32.0
2542.5,137.0,32.5
2542.75,137.0,32.5
2543.0,136.75,31.0
2543.25,136.75,31.0
2543.5,135.75,29.5
2543.75,136.5,30.5
2544.0,136.5,30.5
2544.25,135.0,30.0
2544.5,135.0,31.0
2544.75,136.5,31.0
2545.0,136.5,30.0
2545.25,137.0,29.5
2545.5,137.5,27.0
2545.75,137.5,25.5
2546.0,137.5,25.0
2546.25,137.5,27.5
2546.5,138.5,29.5
2546.75,138.5,30.5
2547.0,139.25,30.5
2547.25,139.0,28.5
2547.5,139.0,29.5
2547.75,139.25,30.0
2548.0,139.25,29.5
2548.25,139.5,30.0
2548.5,140.0,29.5
2548.75,140.0,29.5
2549.0,140.75,30.5
2549.25,140.75,31.0
2549.5,142.25,35.0
2549.75,141.75,37.0
2550.0,141.75,38.5
2550.25,141.5,39.0
2550.5,141.5,35.5
2550.75,141.25,35.5
2551.0,141.25,37.0
2551.25,141.0,37.0
2551.5,140.75,36.0
2551.75,140.75,34.5
2552.0,139.5,32.5
2552.25,139.5,32.5
2552.5,140.25,33.5
2552.75,139.75,35.0
2553.0,139.75,35.5
2553.25,139.25,37.0
2553.5,139.25,37.0
2553.75,139.5,34.5
2554.0,139.5,35.0
2554.25,139.0,37.5
2554.5,139.5,39.0
2554.75,139.5,39.5
2555.0,139.0,40.0
2555.25,139.0,41.5
2555.5,138.75,39.5
2555.75,138.75,35.5
2556.0,138.0,35.0
2556.25,138.25,35.0
2556.5,138.25,34.5
2556.75,138.75,36.0
2557.0,138.75,37.0
2557.25,139.75,36.5
2557.5,139.5,38.0
2557.75,139.5,37.0
2558.0,138.5,34.5
2558.25,138.5,31.5
2558.5,138.75,26.5
2558.75,139.5,25.0
2559.0,139.5,27.5
2559.25,138.25,28.5
2559.5,138.25,30.0
2559.75,139.75,32.0
2560.0,139.75,31.5
2560.25,139.5,32.5
2560.5,140.25,31.5
2560.75,140.25,31.0
2561.0,141.0,31.0
2561.25,141.0,30.0
2561.5,141.25,29.5
2561.75,141.25,29.5
2562.0,141.0,31.0
2562.25,142.0,30.0
2562.5,142.0,30.5
2562.75,140.0,30.0
2563.0,140.0,29.0
2563.25,140.75,29.0
2563.5,140.75,26.0
2563.75,141.0,21.0
2564.0,141.0,18.5
2564.25,142.25,20.0
2564.5,142.25,20.5
2564.75,142.25,19.0
2565.0,140.75,18.0
2565.25,140.75,17.5
2565.5,141.5,17.5
2565.75,141.5,18.5
2566.0,143.75,18.5
2566.25,143.75,19.5
2566.5,141.5,22.0
2566.75,141.75,24.5
2567.0,141.75,25.5
2567.25,141.25,23.0
2567.5,142.0,22.5
2567.75,142.0,21.0
2568.0,142.0,21.0
2568.25,142.0,22.5
2568.5,141.5,23.5
2568.75,141.5,24.0
2569.0,140.75,23.5
2569.25,140.75,21.5
2569.5,140.75,22.0
2569.75,140.5,22.5
2570.0,140.5,21.5
2570.25,140.25,23.0
2570.5,140.5,22.5
2570.75,140.5,22.5
2571.0,140.25,22.5
2571.25,140.25,22.0
2571.5,139.25,24.0
2571.75,139.75,25.0
2572.0,139.75,27.0
2572.25,138.5,28.5
2572.5,138.5,28.0
2572.75,139.0,28.5
2573.0,139.0,26.5
2573.25,139.5,27.0
2573.5,139.5,26.0
2573.75,139.5,25.5
2574.0,140.25,25.5
2574.25,140.25,26.0
2574.5,140.75,27.0
2574.75,141.25,28.0
2575.0,141.25,27.5
2575.25,141.0,26.0
2575.5,141.0,26.0
2575.75,141.0,26.5
2576.0,141.0,26.0
2576.25,140.75,26.0
2576.5,141.25,25.0
2576.75,141.25,25.5
2577.0,141.0,25.5
2577.25,141.0,29.0
2577.5,140.5,29.0
2577.75,140.75,28.5
2578.0,140.75,28.5
2578.25,140.5,31.0
2578.5,140.5,31.0
2578.75,140.75,32.0
2579.0,140.25,30.5
2579.25,140.25,31.5
2579.5,140.5,33.5
2579.75,140.5,31.5
2580.0,140.5,31.5
2580.25,140.5,32.0
2580.5,140.0,32.0
2580.75,139.5,31.5
2581.0,139.5,31.5
2581.25,138.5,31.0
2581.5,138.5,31.5
2581.75,139.25,31.5
2582.0,139.25,30.5
2582.25,139.25,30.0
2582.5,139.25,27.0
2582.75,139.25,27.0
2583.0,139.25,27.0
2583.25,139.25,27.0
2583.5,138.5,27.5
2583.75,138.5,28.0
2584.0,138.5,25.0
2584.25,138.5,24.0
2584.5,138.5,23.5
2584.75,139.25,23.5
2585.0,139.25,24.0
2585.25,139.0,23.5
2585.5,138.75,23.0
2585.75,138.75,26.5
2586.0,139.25,25.5
2586.25,139.25,25.0
2586.5,139.5,24.0
2586.75,139.75,23.5
2587.0,139.75,23.5
2587.25,139.75,23.5
2587.5,139.75,23.5
2587.75,139.75,24.5
2588.0,139.75,25.5
2588.25,140.25,27.0
2588.5,140.25,27.5
2588.75,140.25,24.0
2589.0,140.5,25.0
2589.25,140.5,27.5
2589.5,140.25,29.0
2589.75,141.0,30.0
2590.0,141.0,30.5
2590.25,140.25,28.5
2590.5,140.25,29.0
2590.75,141.75,29.5
2591.0,141.75,29.0
2591.25,141.0,28.5
2591.5,140.75,28.5
2591.75,140.75,28.0
2592.0,141.25,27.5
2592.25,141.25,26.0
2592.5,141.5,26.0
2592.75,141.0,26.0
2593.0,141.0,24.5
2593.25,141.25,25.0
2593.5,141.25,25.5
2593.75,140.75,25.5
2594.0,140.75,25.5
2594.25,140.75,26.0
2594.5,140.25,26.5
2594.75,140.25,26.0
2595.0,140.75,26.0
2595.25,140.75,28.0
2595.5,141.0,27.5
2595.75,141.0,29.5
2596.0,141.0,30.0
2596.25,140.5,30.5
2596.5,140.5,31.0
2596.75,140.75,31.5
2597.0,139.5,33.5
2597.25,139.5,34.5
2597.5,139.25,33.5
2597.75,139.25,35.0
2598.0,138.25,35.0
2598.25,138.25,35.5
2598.5,139.25,35.0
2598.75,138.0,35.0
2599.0,138.0,33.5
2599.25,138.5,33.0
2599.5,138.5,34.0
2599.75,138.5,33.5
2600.0,138.5,34.5
2600.25,138.25,35.0
2600.5,138.0,32.5
2600.75,138.0,32.0
2601.0,138.25,30.5
2601.25,138.25,27.0
2601.5,138.25,25.5
2601.75,138.5,26.5
2602.0,138.5,26.0
2602.25,138.75,29.0
2602.5,138.75,28.5
2602.75,139.25,28.0
2603.0,139.25,27.0
2603.25,140.0,27.5
2603.5,139.75,26.5
2603.75,139.75,26.0
2604.0,139.75,26.5
2604.25,139.75,26.0
2604.5,141.0,25.5
2604.75,142.0,28.5
2605.0,142.0,31.5
2605.25,140.75,30.5
2605.5,140.75,29.0
2605.75,140.75,29.0
2606.0,140.75,29.5
2606.25,141.5,29.5
2606.5,141.75,33.0
2606.75,141.75,33.0
2607.0,141.0,32.0
2607.25,141.0,32.5
2607.5,140.75,32.5
2607.75,141.25,33.0
2608.0,141.25,30.0
2608.25,141.0,28.0
2608.5,141.0,28.5
2608.75,140.75,27.5
2609.0,141.5,26.5
2609.25,141.5,25.0
2609.5,141.5,28.0
2609.75,141.5,27.5
2610.0,140.75,28.0
2610.25,140.75,26.5
2610.5,140.75,26.0
2610.75,141.5,24.5
2611.0,141.5,23.0
2611.25,142.0,24.0
2611.5,142.0,25.0
2611.75,141.0,27.5
2612.0,142.0,28.5
2612.25,142.0,28.0
2612.5,141.5,25.5
2612.75,141.5,25.5
2613.0,141.5,27.5
2613.25,142.0,33.0
2613.5,142.0,34.5
2613.75,141.25,32.5
2614.0,141.25,29.0
2614.25,140.75,25.5
2614.5,140.75,25.5
2614.75,139.75,28.5
2615.0,141.25,27.0
2615.25,141.25,26.5
2615.5,141.5,26.5
2615.75,141.5,25.5
2616.0,140.0,25.0
2616.25,140.0,32.5
2616.5,140.0,32.0
2616.75,140.75,29.0
2617.0,140.75,27.0
2617.25,141.0,25.5
2617.5,141.5,26.5
2617.75,141.5,28.5
2618.0,142.0,28.0
2618.25,142.0,31.0
2618.5,142.25,32.0
2618.75,143.25,30.0
2619.0,143.25,28.5
2619.25,142.75,28.0
2619.5,142.75,29.0
2619.75,142.75,30.0
2620.0,142.75,30.0
2620.25,143.0,30.5
2620.5,142.5,31.0
2620.75,142.5,31.0
2621.0,142.25,31.5
2621.25,142.25,34.0
2621.5,143.0,33.0
2621.75,142.0,35.0
2622.0,142.0,35.5
2622.25,141.5,35.0
2622.5,141.5,32.5
2622.75,141.0,32.0
2623.0,141.0,31.5
2623.25,141.0,29.5
2623.5,141.5,31.5
2623.75,141.5,30.5
2624.0,142.0,30.5
2624.25,142.0,32.5
2624.5,141.0,33.0
2624.75,141.0,33.5
2625.0,141.0,32.5
2625.25,141.0,32.0
2625.5,140.25,33.5
2625.75,141.0,35.5
2626.0,141.0,36.5
2626.25,141.5,36.0
2626.5,141.5,36.0
2626.75,141.25,36.0
2627.0,141.25,36.5
2627.25,142.5,36.5
2627.5,142.25,36.0
2627.75,142.25,36.5
2628.0,142.0,37.0
2628.25,142.0,36.5
2628.5,141.5,36.0
2628.75,141.25,38.0
2629.0,141.25,39.5
2629.25,141.25,41.0
2629.5,141.25,38.5
2629.75,140.75,38.5
2630.0,139.75,39.0
2630.25,139.75,40.0
2630.5,139.5,41.0
2630.75,139.5,42.5
2631.0,139.5,44.0
2631.25,139.5,44.0
2631.5,139.25,42.5
2631.75,138.5,44.5
2632.0,138.5,46.5
2632.25,137.75,45.5
2632.5,137.75,45.5
2632.75,136.75,45.0
2633.0,136.75,45.0
2633.25,136.75,45.0
2633.5,136.75,45.0
2633.75,136.75,45.0
2634.0,135.75,44.5
2634.25,135.75,49.0
2634.5,134.75,47.5
2634.75,134.75,50.5
2635.0,134.0,50.5
2635.25,134.25,50.5
2635.5,134.25,50.5
2635.75,135.75,50.0
2636.0,135.75,52.5
2636.25,134.5,52.0
2636.5,134.5,51.5
2636.75,134.25,53.5
2637.0,134.25,52.5
2637.25,133.75,50.0
2637.5,133.75,48.5
2637.75,133.75,49.0
2638.0,133.5,49.0
2638.25,133.5,53.5
2638.5,133.5,51.5
2638.75,133.5,47.5
2639.0,134.25,46.5
2639.25,134.25,46.0
2639.5,133.0,48.0
2639.75,132.5,49.0
2640.0,132.5,49.0
2640.25,131.5,47.5
2640.5,131.5,47.5
2640.75,132.5,49.0
2641.0,132.5,49.5
2641.25,132.0,50.5
2641.5,132.0,49.0
2641.75,133.5,49.0
2642.0,133.0,47.5
2642.25,133.0,53.5
2642.5,133.25,53.5
2642.75,133.25,51.5
2643.0,133.75,51.0
2643.25,133.75,52.5
2643.5,133.5,53.5
2643.75,133.5,53.0
2644.0,135.0,53.0
2644.25,135.0,53.0
2644.5,135.0,53.0
2644.75,133.5,54.5
2645.0,133.5,53.5
2645.25,133.75,53.0
2645.5,133.75,51.5
2645.75,133.75,54.5
2646.0,133.75,54.5
2646.25,134.0,53.0
2646.5,133.75,53.5
2646.75,133.75,52.5
2647.0,134.0,53.0
2647.25,134.0,52.0
2647.5,133.75,47.5
2647.75,133.75,49.5
2648.0,133.5,51.5
2648.25,133.5,49.0
2648.5,132.25,48.5
2648.75,133.25,49.0
2649.0,133.25,49.5
2649.25,133.0,48.5
2649.5,133.0,49.0
2649.75,133.0,49.0
2650.0,133.0,49.0
2650.25,132.0,48.5
2650.5,132.0,47.0
2650.75,132.0,49.0
2651.0,132.5,51.0
2651.25,132.5,50.0
2651.5,132.0,52.0
2651.75,132.0,52.5
2652.0,132.0,52.5
2652.25,132.0,51.5
2652.5,132.25,51.5
2652.75,132.25,53.5
2653.0,131.5,53.0
2653.25,131.25,53.0
2653.5,131.25,52.0
2653.75,132.0,55.0
2654.0,132.0,54.0
2654.25,130.75,53.0
2654.5,130.75,50.5
2654.75,131.5,49.5
2655.0,131.5,48.5
2655.25,130.5,48.0
2655.5,130.5,49.0
2655.75,130.25,48.5
2656.0,130.25,49.5
2656.25,130.0,51.5
2656.5,130.5,50.5
2656.75,130.5,49.0
2657.0,130.5,48.0
2657.25,130.5,46.5
2657.5,130.25,46.0
2657.75,130.25,46.5
2658.0,129.75,50.5
2658.25,129.75,47.5
2658.5,129.75,47.0
2658.75,130.5,45.0
2659.0,130.5,45.0
2659.25,131.25,44.5
2659.5,131.25,42.0
2659.75,130.75,41.0
2660.0,130.75,40.0
2660.25,133.25,40.0
2660.5,133.25,41.0
2660.75,133.5,39.5
2661.0,133.5,38.5
2661.25,133.0,35.5
2661.5,133.5,34.5
2661.75,133.5,35.0
2662.0,134.5,34.5
2662.25,134.5,37.5
2662.5,134.25,38.5
2662.75,134.25,36.5
2663.0,135.0,36.5
2663.25,134.5,37.5
2663.5,134.5,37.5
2663.75,134.25,40.5
2664.0,134.25,40.5
2664.25,133.75,37.5
2664.5,133.75,35.5
2664.75,134.5,36.0
2665.0,134.5,35.5
2665.25,135.25,38.5
2665.5,133.75,39.5
2665.75,133.75,39.5
2666.0,134.25,37.5
2666.25,134.25,40.5
2666.5,135.0,39.5
2666.75,135.0,40.0
2667.0,135.75,39.0
2667.25,136.0,37.5
2667.5,136.0,37.5
2667.75,135.0,37.0
2668.0,135.0,36.0
2668.25,135.75,35.0
2668.5,135.75,33.5
2668.75,135.75,32.5
2669.0,135.75,32.0
2669.25,137.5,31.0
2669.5,135.25,29.5
2669.75,135.25,26.0
2670.0,135.75,24.0
2670.25,135.75,18.5
2670.5,136.75,19.5
2670.75,136.75,18.5
2671.0,135.25,18.5
2671.25,135.0,17.5
2671.5,135.0,16.5
2671.75,136.5,15.5
2672.0,136.5,15.0
2672.25,136.75,14.0
2672.5,136.75,14.0
2672.75,135.75,14.0
2673.0,135.0,15.5
2673.25,135.0,17.0
2673.5,135.25,17.0
2673.75,135.25,17.5
2674.0,134.5,18.5
2674.25,134.5,23.0
2674.5,134.25,25.5
2674.75,134.25,25.0
2675.0,134.75,24.5
2675.25,135.25,25.5
2675.5,135.25,24.0
2675.75,136.25,25.5
2676.0,136.25,28.0
2676.25,136.25,31.0
2676.5,136.25,28.5
2676.75,136.5,27.5
2677.0,136.5,27.0
2677.25,136.5,27.0
2677.5,138.0,27.0
2677.75,138.0,26.5
2678.0,138.0,28.5
2678.25,138.0,29.0
2678.5,138.25,29.0
2678.75,138.5,28.0
2679.0,138.5,27.0
2679.25,138.75,26.5
2679.5,138.75,26.0
2679.75,138.75,26.0
2680.0,138.5,26.0
2680.25,138.5,25.5
2680.5,138.0,28.0
2680.75,138.0,28.5
2681.0,137.75,28.5
2681.25,137.75,27.0
2681.5,138.5,27.5
2681.75,139.0,27.0
2682.0,139.0,24.0
2682.25,138.75,25.0
2682.5,138.75,21.0
2682.75,138.0,22.0
2683.0,138.0,21.5
2683.25,139.75,24.0
2683.5,138.5,23.5
2683.75,138.5,24.5
2684.0,137.0,23.5
2684.25,137.0,20.5
2684.5,136.5,22.0
2684.75,136.5,23.0
2685.0,138.5,22.5
2685.25,138.25,22.5
2685.5,138.25,22.0
2685.75,137.25,22.0
2686.0,137.25,21.5
2686.25,138.5,21.0
2686.5,138.5,24.0
2686.75,140.0,25.0
2687.0,138.5,25.5
2687.25,138.5,25.0
2687.5,137.25,24.5
2687.75,137.25,25.5
2688.0,138.5,28.0
2688.25,138.75,25.5
2688.5,138.75,25.5
2688.75,139.5,27.0
2689.0,139.5,27.5
2689.25,140.0,27.0
2689.5,140.0,27.5
2689.75,140.25,29.0
2690.0,140.75,28.5
2690.25,140.75,29.0
2690.5,140.75,29.5
2690.75,140.75,27.0
2691.0,140.75,28.5
2691.25,141.25,29.5
2691.5,141.25,29.5
2691.75,141.5,29.0
2692.0,141.5,29.0
2692.25,141.5,28.0
2692.5,141.75,27.5
2692.75,141.75,27.5
2693.0,141.5,27.5
2693.25,141.5,29.0
2693.5,141.25,32.5
2693.75,140.75,31.5
2694.0,140.75,30.0
2694.25,140.75,29.0
2694.5,140.75,28.5
2694.75,140.25,28.0
2695.0,140.25,29.5
2695.25,141.0,32.5
2695.5,140.75,29.0
2695.75,140.75,29.0
2696.0,142.0,29.0
2696.25,142.0,29.0
2696.5,140.75,29.0
2696.75,142.0,31.0
2697.0,142.0,32.0
2697.25,142.0,30.0
2697.5,142.0,29.0
2697.75,141.75,27.0
2698.0,142.0,26.0
2698.25,142.0,26.5
2698.5,142.0,29.0
2698.75,142.0,31.0
2699.0,142.5,32.5
2699.25,142.5,32.5
2699.5,141.0,31.0
2699.75,143.25,36.5
2700.0,143.25,34.5
2700.25,140.75,30.5
2700.5,140.75,28.5
2700.75,141.75,27.5
2701.0,141.25,26.0
2701.25,141.25,24.5
2701.5,141.5,23.0
2701.75,141.5,22.0
2702.0,141.5,23.0
2702.25,141.0,14.5
2702.5,142.0,8.5
2702.75,142.0,7.5
2703.0,142.5,3.0
2703.25,142.5,0.0
2703.5,142.0,0.0
2703.75,142.0,0.0
2704.0,142.25,0.0
2704.25,143.25,0.0
2704.5,143.25,0.0
2704.75,142.75,0.0
2705.0,141.0,0.0
2705.25,141.0,0.0
2705.5,141.0,0.0
2705.75,141.0,0.0
2706.0,142.0,2.0
2706.25,142.25,7.0
2706.5,142.25,7.0
2706.75,142.75,7.0
2707.0,142.75,9.0
2707.25,142.75,12.0
2707.5,141.25,13.5
2707.75,141.25,14.5
2708.0,143.0,18.5
2708.25,143.0,17.0
2708.5,142.75,17.5
2708.75,143.5,18.0
2709.0,143.5,19.5
2709.25,143.75,19.5
2709.5,143.75,19.5
2709.75,143.0,19.5
2710.0,143.0,20.0
2710.25,142.75,20.0
2710.5,144.0,18.5
2710.75,144.0,19.0
2711.0,143.5,17.5
2711.25,142.25,19.0
2711.5,142.25,18.5
2711.75,143.25,16.5
2712.0,143.25,17.0
2712.25,142.25,15.5
2712.5,142.25,17.0
2712.75,142.5,17.5
2713.0,142.75,20.0
2713.25,142.75,19.5
2713.5,141.5,18.0
2713.75,141.5,17.5
2714.0,141.5,17.5
2714.25,141.5,19.5
2714.5,141.5,21.5
2714.75,141.5,21.0
2715.0,141.5,20.0
2715.25,140.75,20.5
2715.5,141.5,21.5
2715.75,141.5,21.0
2716.0,139.5,20.0
2716.25,139.5,21.5
2716.5,139.5,22.5
2716.75,139.5,23.0
2717.0,140.0,22.5
2717.25,139.0,23.5
2717.5,139.0,23.5
2717.75,138.5,22.5
2718.0,138.5,20.5
2718.25,139.75,22.0
2718.5,139.75,22.0
2718.75,140.0,22.0
2719.0,140.0,21.0
2719.25,139.25,19.5
2719.5,139.5,20.0
2719.75,139.5,20.5
2720.0,139.25,21.0
2720.25,139.25,21.5
2720.5,137.5,21.0
2720.75,137.5,21.0
2721.0,137.75,20.0
2721.25,137.75,18.5
2721.5,138.5,18.0
2721.75,138.5,22.0
2722.0,138.5,22.0
2722.25,138.75,22.0
2722.5,138.75,19.5
2722.75,139.0,18.5
2723.0,139.0,17.5
2723.25,137.5,17.5
2723.5,140.0,18.5
2723.75,140.0,17.5
2724.0,137.5,15.5
2724.25,137.5,13.5
2724.5,137.75,13.5
2724.75,137.75,14.5
2725.0,139.0,15.5
2725.25,138.75,16.0
2725.5,138.75,15.5
2725.75,139.5,14.5
2726.0,139.5,12.5
2726.25,140.0,14.5
2726.5,140.0,13.0
2726.75,139.5,14.5
2727.0,140.5,14.0
2727.25,140.5,14.5
2727.5,141.25,13.0
2727.75,141.25,14.0
2728.0,140.25,15.0
2728.25,140.5,13.0
2728.5,140.5,13.5
2728.75,141.25,15.0
2729.0,141.25,16.0
2729.25,141.0,15.5
2729.5,141.0,16.5
2729.75,141.0,16.5
2730.0,141.5,16.5
2730.25,141.5,16.0
2730.5,141.25,19.0
2730.75,140.75,21.5
2731.0,140.75,19.5
2731.25,141.0,17.5
2731.5,141.0,16.5
2731.75,140.5,16.0
2732.0,140.5,15.5
2732.25,139.75,17.5
2732.5,140.25,18.0
2732.75,140.25,19.0
2733.0,140.5,17.5
2733.25,140.5,17.5
2733.5,139.75,17.5
2733.75,139.5,15.5
2734.0,139.5,14.0
2734.25,140.25,14.5
2734.5,140.25,15.0
2734.75,139.25,15.0
2735.0,139.25,16.5
2735.25,139.25,17.0
2735.5,139.75,16.0
2735.75,139.75,16.0
2736.0,140.25,16.0
2736.25,140.25,15.0
2736.5,139.75,15.0
2736.75,139.75,14.5
2737.0,139.0,15.0
2737.25,140.0,16.0
2737.5,140.0,17.5
2737.75,140.25,16.0
2738.0,140.25,17.5
2738.25,140.25,14.0
2738.5,141.0,13.5
2738.75,141.0,15.5
2739.0,141.0,21.0
2739.25,141.0,23.5
2739.5,141.0,27.0
2739.75,141.0,28.0
2740.0,141.0,31.0
2740.25,141.0,28.5
2740.5,141.0,28.5
2740.75,141.0,29.0
2741.0,141.0,33.0
2741.25,141.0,33.5
2741.5,141.0,35.0
2741.75,141.0,34.0
2742.0,141.0,32.5
2742.25,141.0,31.0
2742.5,0.0,30.5
2742.75,0.0,31.5
2743.0,0.0,30.5
2743.25,0.0,29.0
2743.5,0.0,29.0
2743.75,0.0,29.0
2744.0,0.0,29.0
2744.25,107.5,27.0
2744.5,107.5,26.0
2744.75,107.75,26.5
2745.0,107.75,30.0
2745.25,100.0,32.5
2745.5,100.0,32.0
2745.75,100.0,29.0
2746.0,101.25,29.0
2746.25,101.25,28.5
2746.5,101.0,28.0
2746.75,101.0,29.0
2747.0,100.5,30.0
2747.25,100.0,30.5
2747.5,100.0,30.5
2747.75,100.0,29.0
2748.0,100.0,34.5
2748.25,100.0,32.5
2748.5,102.75,32.0
2748.75,102.75,30.5
2749.0,103.5,24.0
2749.25,103.5,32.0
2749.5,103.5,30.0
2749.75,103.5,28.5
2750.0,103.5,28.0
2750.25,103.5,24.5
2750.5,103.5,24.0
2750.75,103.5,24.0
2751.0,103.25,22.0
2751.25,103.25,21.5
2751.5,103.5,22.0
2751.75,0.0,20.0
2752.0,0.0,21.0
2752.25,0.0,20.0
2752.5,0.0,20.0
2752.75,0.0,19.5
2753.0,145.5,19.5
2753.25,145.5,17.5
2753.5,145.5,18.0
2753.75,145.0,18.5
2754.0,145.0,18.5
2754.25,144.75,18.0
2754.5,144.75,17.0
2754.75,145.0,17.0
2755.0,145.0,17.0
2755.25,145.0,17.5
2755.5,145.0,17.5
2755.75,144.75,17.5
2756.0,144.25,17.5
2756.25,144.25,17.5
2756.5,143.75,17.0
2756.75,143.75,16.5
2757.0,143.75,16.0
2757.25,143.25,16.5
2757.5,143.25,16.5
2757.75,143.0,16.5
2758.0,143.0,17.5
2758.25,142.5,17.5
2758.5,142.0,18.0
2758.75,142.0,18.0
2759.0,140.75,20.0
2759.25,140.75,21.5
2759.5,140.75,21.5
2759.75,141.5,22.0
2760.0,141.5,23.0
2760.25,140.75,23.0
2760.5,139.75,24.5
2760.75,139.75,25.5
2761.0,140.75,26.0
2761.25,140.75,24.0
2761.5,140.0,24.0
2761.75,140.0,25.0
2762.0,140.0,25.5
2762.25,139.0,28.5
2762.5,139.0,31.0
2762.75,138.75,31.0
2763.0,138.75,31.5
2763.25,138.25,32.5
2763.5,138.25,30.5
2763.75,138.0,29.0
2764.0,138.5,30.0
2764.25,138.5,29.0
2764.5,137.75,26.5
2764.75,137.75,31.0
2765.0,137.0,29.0
2765.25,137.75,25.5
2765.5,137.75,24.0
2765.75,138.5,25.5
2766.0,138.5,24.0
2766.25,141.25,23.5
2766.5,141.25,22.5
2766.75,141.5,16.5
2767.0,141.0,10.5
2767.25,141.0,6.0
2767.5,142.0,6.0
2767.75,142.0,4.0
2768.0,142.5,2.0
2768.25,142.25,0.0
2768.5,142.25,1.5
2768.75,141.0,10.0
2769.0,141.0,13.0
2769.25,139.0,11.5
2769.5,139.0,9.5
2769.75,140.75,8.5
2770.0,140.0,8.0
2770.25,140.0,7.0
2770.5,136.75,8.0
2770.75,136.75,7.5
2771.0,136.75,6.5
2771.25,137.25,5.5
2771.5,137.25,3.5
2771.75,137.75,1.0
2772.0,137.75,0.0
2772.25,136.25,0.5
2772.5,136.25,1.0
2772.75,133.25,0.0
2773.0,133.25,0.0
2773.25,131.25,0.0
2773.5,131.25,0.0
2773.75,107.5,0.0
2774.0,107.5,0.0
2774.25,106.5,1.5
2774.5,106.5,0.0
2774.75,108.25,0.0
2775.0,108.25,0.0
2775.25,109.25,1.5
2775.5,109.25,4.0
2775.75,109.25,4.0
2776.0,130.25,2.5
2776.25,130.25,1.0
2776.5,130.75,1.5
2776.75,129.5,6.0
2777.0,129.5,12.0
2777.25,129.5,17.0
2777.5,129.5,21.0
2777.75,129.0,25.0
2778.0,129.0,27.0
2778.25,129.0,28.0
2778.5,128.5,30.5
2778.75,128.5,34.5
2779.0,127.0,38.5
2779.25,127.0,42.5
2779.5,127.25,46.0
2779.75,128.0,48.0
2780.0,128.0,49.0
2780.25,128.75,52.0
2780.5,128.75,54.0
2780.75,129.5,56.0
2781.0,129.5,56.5
2781.25,130.5,56.5
2781.5,130.5,59.0
2781.75,130.25,61.0
2782.0,130.25,58.0
2782.25,132.0,54.5
2782.5,132.0,54.5
2782.75,132.0,57.5
2783.0,132.25,57.5
2783.25,132.25,58.5
2783.5,132.25,56.5
2783.75,132.25,54.5
2784.0,132.25,57.0
2784.25,132.25,55.0
2784.5,132.0,54.5
2784.75,132.25,52.0
2785.0,132.25,51.5
2785.25,132.75,47.5
2785.5,132.75,43.0
2785.75,132.75,43.0
2786.0,132.75,42.5
2786.25,133.25,42.0
2786.5,133.25,43.5
2786.75,132.5,43.5
2787.0,132.5,43.5
2787.25,133.25,40.0
2787.5,133.0,38.5
2787.75,133.0,39.5
2788.0,133.25,38.5
2788.25,133.25,39.5
2788.5,132.5,42.5
2788.75,132.5,40.5
2789.0,131.5,37.5
2789.25,133.75,36.5
2789.5,133.75,35.0
2789.75,132.75,35.5
2790.0,132.75,35.5
2790.25,133.0,36.5
2790.5,133.0,37.5
2790.75,131.0,36.0
2791.0,131.0,35.0
2791.25,132.75,35.5
2791.5,133.5,32.5
2791.75,133.5,32.5
2792.0,133.5,32.0
2792.25,133.5,35.0
2792.5,133.5,36.0
2792.75,133.5,35.5
2793.0,133.5,33.5
2793.25,133.5,32.5
2793.5,134.0,31.5
2793.75,133.5,31.5
2794.0,133.5,31.0
2794.25,133.25,33.5
2794.5,133.25,34.5
2794.75,133.0,35.0
2795.0,133.0,34.0
2795.25,132.0,34.5
2795.5,132.0,34.0
2795.75,132.75,38.5
2796.0,132.75,36.0
2796.25,132.0,31.0
2796.5,133.5,30.5
2796.75,133.5,33.0
2797.0,131.5,32.0
2797.25,131.5,29.0
2797.5,131.5,27.0
2797.75,131.5,28.5
2798.0,131.0,25.0
2798.25,131.0,20.5
2798.5,131.0,19.0
2798.75,131.0,19.5
2799.0,131.0,18.5
2799.25,131.0,18.0
2799.5,131.0,17.5
2799.75,131.0,17.5
2800.0,131.0,17.5
2800.25,131.0,17.0
2800.5,131.0,17.5
2800.75,131.0,18.5
2801.0,131.0,19.5
2801.25,130.75,22.5
2801.5,130.75,23.5
2801.75,130.75,24.0
2802.0,131.0,24.0
2802.25,131.0,26.5
2802.5,0.0,27.0
2802.75,0.0,26.5
2803.0,0.0,24.5
2803.25,0.0,25.0
2803.5,0.0,28.0
2803.75,0.0,28.5
2804.0,0.0,31.0
2804.25,0.0,25.5
2804.5,0.0,21.5
2804.75,0.0,13.0
2805.0,0.0,5.5
2805.25,0.0,4.5
2805.5,0.0,2.0
2805.75,0.0,0.0
2806.0,0.0,0.0
2806.25,0.0,0.0
2806.5,0.0,0.0
2806.75,0.0,0.0
2807.0,0.0,0.0
2807.25,0.0,0.0
2807.5,0.0,0.0
2807.75,0.0,0.0
2808.0,0.0,0.0
2808.25,133.25,0.0
2808.5,133.25,0.0
2808.75,133.5,0.0
2809.0,133.5,0.0
2809.25,133.5,0.0
2809.5,133.5,0.0
2809.75,133.5,0.0
2810.0,133.5,0.0
2810.25,133.5,0.0
2810.5,134.25,0.0
2810.75,134.25,0.0
2811.0,133.75,0.0
2811.25,133.75,0.0
2811.5,133.75,0.0
2811.75,133.75,0.0
2812.0,132.75,0.0
2812.25,132.75,0.0
2812.5,132.5,0.0
2812.75,132.5,0.0
2813.0,133.5,0.0
2813.25,132.75,0.0
2813.5,132.75,0.0
2813.75,132.75,0.0
2814.0,132.75,0.0
2814.25,132.5,0.0
2814.5,132.5,0.0
2814.75,132.75,0.0
2815.0,132.75,0.0
2815.25,132.75,0.0
2815.5,132.75,0.0
2815.75,132.75,0.0
2816.0,132.5,0.0
2816.25,132.5,0.5
2816.5,132.5,2.5
2816.75,132.5,4.0
2817.0,132.0,5.0
2817.25,132.0,5.5
2817.5,132.5,3.5
2817.75,132.5,3.0
2818.0,132.75,2.0
2818.25,131.75,2.0
2818.5,131.75,3.0
2818.75,131.75,5.0
2819.0,131.75,7.0
2819.25,130.75,8.0
2819.5,130.75,6.0
2819.75,133.25,3.5
2820.0,133.25,3.0
2820.25,134.25,2.0
2820.5,133.25,2.0
2820.75,133.25,3.5
2821.0,133.5,3.0
2821.25,133.5,2.5
2821.5,133.75,1.5
2821.75,133.75,1.5
2822.0,134.25,1.0
2822.25,134.75,0.5
2822.5,134.75,0.0
2822.75,135.75,0.5
2823.0,135.75,0.0
2823.25,135.75,0.5
2823.5,135.75,1.5
2823.75,135.25,1.5
2824.0,135.25,0.5
2824.25,135.75,1.5
2824.5,135.75,0.0
2824.75,135.75,0.0
2825.0,136.25,0.0
2825.25,136.25,0.0
2825.5,136.0,0.0
2825.75,136.0,0.0
2826.0,135.75,0.0
2826.25,136.25,0.0
2826.5,136.25,0.0
2826.75,136.25,0.0
2827.0,136.25,0.0
2827.25,136.75,0.0
2827.5,136.75,0.0
2827.75,136.75,0.0
2828.0,136.75,0.0
2828.25,136.75,0.0
2828.5,137.5,0.0
2828.75,137.5,0.0
2829.0,137.5,0.0
2829.25,137.5,0.0
2829.5,137.75,0.0
2829.75,137.5,0.0
2830.0,137.5,0.0
2830.25,137.75,0.0
2830.5,137.75,0.0
2830.75,138.25,0.0
2831.0,138.25,1.0
2831.25,137.75,1.5
2831.5,137.5,3.0
2831.75,137.5,3.0
2832.0,137.5,2.5
2832.25,137.5,2.5
2832.5,136.75,2.5
2832.75,136.75,3.0
2833.0,136.75,3.5
2833.25,136.75,3.5
2833.5,136.75,3.0
2833.75,136.5,3.5
2834.0,136.5,5.0
2834.25,137.25,6.5
2834.5,137.25,7.0
2834.75,137.25,5.5
2835.0,137.75,4.5
2835.25,137.75,4.0
2835.5,137.75,4.0
2835.75,137.75,4.0
2836.0,138.5,4.5
2836.25,139.0,5.0
2836.5,139.0,4.0
2836.75,137.5,4.0
2837.0,137.5,2.0
2837.25,138.0,2.0
2837.5,138.0,2.0
2837.75,137.5,1.0
2838.0,138.25,1.0
2838.25,138.25,1.0
2838.5,138.25,1.0
2838.75,138.25,1.0
2839.0,138.0,0.0
2839.25,138.0,0.0
2839.5,138.5,0.0
2839.75,138.25,0.0
2840.0,138.25,0.0
2840.25,138.75,0.0
2840.5,138.75,0.0
2840.75,139.25,0.5
2841.0,139.25,0.0
2841.25,138.75,0.0
2841.5,139.0,0.0
2841.75,139.0,0.0
2842.0,139.5,0.0
2842.25,139.5,0.0
2842.5,140.0,0.0
2842.75,140.25,0.5
2843.0,140.25,2.0
2843.25,140.75,1.5
2843.5,140.75,1.0
2843.75,141.25,1.0
2844.0,141.25,1.0
2844.25,141.25,2.0
2844.5,141.0,2.0
2844.75,141.0,3.0
2845.0,141.75,4.5
2845.25,141.75,5.5
2845.5,141.25,4.0
2845.75,141.0,2.5
2846.0,141.0,1.5
2846.25,140.75,2.0
2846.5,140.75,4.0
2846.75,139.5,5.5
2847.0,139.5,7.0
2847.25,139.5,9.0
2847.5,139.5,10.0
2847.75,139.5,12.0
2848.0,139.5,13.5
2848.25,139.5,14.0
2848.5,139.75,14.5
2848.75,139.0,14.5
2849.0,139.0,14.0
2849.25,139.0,13.0
2849.5,139.0,13.0
2849.75,138.5,12.0
2850.0,138.5,11.5
2850.25,138.25,10.5
2850.5,138.25,10.0
2850.75,138.25,9.5
2851.0,139.5,9.0
2851.25,139.5,9.0
2851.5,139.5,8.5
2851.75,135.75,7.5
2852.0,138.5,6.0
2852.25,138.5,5.5
2852.5,139.0,5.5
2852.75,139.0,5.5
2853.0,136.75,5.5
2853.25,136.75,5.5
2853.5,137.5,5.5
2853.75,137.25,5.5
2854.0,137.25,4.0
2854.25,137.25,3.0
2854.5,137.25,3.0
2854.75,137.5,3.0
2855.0,137.5,4.0
2855.25,137.5,5.0
2855.5,138.75,5.5
2855.75,138.75,6.5
2856.0,138.75,7.5
2856.25,140.5,7.5
2856.5,140.5,5.0
2856.75,139.5,4.0
2857.0,139.5,4.0
2857.25,139.5,4.0
2857.5,140.0,4.0
2857.75,140.0,5.0
2858.0,140.5,6.0
2858.25,140.75,7.5
2858.5,140.75,9.0
2858.75,140.75,10.0
2859.0,140.75,11.0
2859.25,140.5,11.5
2859.5,140.5,11.0
2859.75,142.0,8.5
2860.0,140.75,7.0
2860.25,140.75,5.5
2860.5,141.75,4.5
2860.75,141.75,4.0
2861.0,141.0,3.5
2861.25,140.75,4.5
2861.5,140.75,6.0
2861.75,141.25,7.0
2862.0,141.25,7.0
2862.25,141.25,7.5
2862.5,141.0,8.0
2862.75,141.0,7.0
2863.0,142.0,4.5
2863.25,142.0,3.0
2863.5,141.5,2.0
2863.75,141.25,1.5
2864.0,141.25,0.5
2864.25,141.5,1.0
2864.5,141.5,3.0
2864.75,141.75,4.0
2865.0,141.75,5.5
2865.25,142.0,6.0
2865.5,141.25,7.0
2865.75,141.25,7.5
2866.0,142.0,7.0
2866.25,142.0,5.0
2866.5,143.25,4.0
2866.75,141.5,3.5
2867.0,141.5,3.0
2867.25,140.75,2.5
2867.5,140.75,1.5
2867.75,141.25,1.5
2868.0,140.75,3.0
2868.25,140.75,4.5
2868.5,140.75,5.5
2868.75,140.75,6.0
2869.0,140.75,7.0
2869.25,140.5,7.0
2869.5,140.5,6.5
2869.75,142.25,5.5
2870.0,142.25,4.5
2870.25,141.25,3.5
2870.5,141.25,3.0
2870.75,140.75,2.5
2871.0,140.5,2.0
2871.25,140.5,2.0
2871.5,140.75,3.0
2871.75,140.75,3.5
2872.0,139.75,4.0
2872.25,139.5,5.0
2872.5,139.5,6.0
2872.75,139.5,6.0
2873.0,139.5,4.0
2873.25,139.5,3.5
2873.5,139.5,2.5
2873.75,139.25,1.5
2874.0,139.25,1.5
2874.25,139.25,1.5
2874.5,139.25,1.5
2874.75,139.25,1.0
2875.0,139.5,1.5
2875.25,139.5,0.0
2875.5,139.5,0.0
2875.75,139.75,0.0
2876.0,139.75,0.0
2876.25,140.25,0.0
2876.5,140.25,0.0
2876.75,140.75,0.0
2877.0,141.25,0.0
2877.25,141.25,0.5
2877.5,141.25,1.5
2877.75,141.25,0.5
2878.0,142.0,0.0
2878.25,142.0,0.0
2878.5,142.0,0.0
2878.75,141.75,1.0
2879.0,141.75,3.0
2879.25,141.25,4.5
2879.5,141.25,6.0
2879.75,141.5,5.5
2880.0,142.0,3.5
2880.25,142.0,2.5
2880.5,140.75,1.5
2880.75,140.75,1.5
2881.0,140.5,2.5
2881.25,140.0,4.0
2881.5,140.0,5.5
2881.75,139.5,5.5
2882.0,139.5,4.0
2882.25,139.5,1.5
2882.5,139.25,1.5
2882.75,139.25,1.0
2883.0,139.25,1.0
2883.25,139.25,0.5
2883.5,139.25,0.0
2883.75,139.25,0.0
2884.0,139.5,0.0
2884.25,138.5,0.0
2884.5,138.5,0.0
2884.75,139.0,0.0
2885.0,139.0,0.0
2885.25,138.0,0.0
2885.5,138.0,0.0
2885.75,137.5,0.0
2886.0,136.75,2.0
2886.25,136.75,5.5
2886.5,137.75,8.0
2886.75,137.75,9.5
2887.0,137.5,11.0
2887.25,137.5,12.0
2887.5,137.5,13.0
2887.75,137.0,11.0
2888.0,137.0,10.5
2888.25,137.5,10.5
2888.5,137.5,10.5
2888.75,137.5,10.0
2889.0,137.5,10.0
2889.25,138.25,10.0
2889.5,138.5,11.0
2889.75,138.5,12.0
2890.0,137.75,13.0
2890.25,137.75,14.0
2890.5,137.5,16.0
2890.75,138.5,17.5
2891.0,138.5,18.0
2891.25,138.0,17.5
2891.5,138.0,17.0
2891.75,138.25,17.0
2892.0,138.25,17.0
2892.25,138.5,17.5
2892.5,137.5,18.0
2892.75,137.5,19.0
2893.0,137.5,19.5
2893.25,137.5,19.0
2893.5,137.0,19.0
2893.75,137.0,21.0
2894.0,136.5,23.0
2894.25,135.75,27.0
2894.5,135.75,29.5
2894.75,136.5,30.5
2895.0,136.5,32.5
2895.25,136.0,33.5
2895.5,136.0,33.5
2895.75,136.25,35.0
2896.0,135.75,34.5
2896.25,135.75,33.5
2896.5,135.0,32.5
2896.75,135.0,31.0
2897.0,135.0,31.0
2897.25,135.0,29.5
2897.5,135.0,27.5
2897.75,135.0,27.0
2898.0,134.25,27.0
2898.25,135.0,32.5
2898.5,135.0,36.5
2898.75,134.0,37.5
2899.0,134.0,39.5
2899.25,132.5,41.0
2899.5,132.5,41.0
2899.75,132.75,43.0
2900.0,132.75,43.5
2900.25,132.5,45.0
2900.5,132.25,44.0
2900.75,132.25,43.5
2901.0,131.5,43.0
2901.25,131.5,40.5
2901.5,131.0,39.0
2901.75,131.0,37.0
2902.0,131.0,36.0
2902.25,131.0,35.0
2902.5,131.75,35.0
2902.75,132.5,37.5
2903.0,132.5,39.0
2903.25,131.75,41.0
2903.5,131.75,43.0
2903.75,132.0,44.5
2904.0,132.0,44.5
2904.25,131.5,44.5
2904.5,131.5,42.5
2904.75,131.5,42.0
2905.0,131.5,41.0
2905.25,131.5,41.5
2905.5,131.5,41.5
2905.75,131.5,40.0
2906.0,131.5,40.5
2906.25,131.5,39.0
2906.5,130.75,38.0
2906.75,130.75,37.5
2907.0,130.5,35.0
2907.25,130.5,35.5
2907.5,130.5,36.0
2907.75,130.5,37.5
2908.0,130.5,39.5
2908.25,129.5,40.5
2908.5,129.5,42.5
2908.75,130.25,43.5
2909.0,130.25,44.0
2909.25,131.5,43.5
2909.5,131.5,41.5
2909.75,130.75,40.5
2910.0,130.75,39.5
2910.25,130.75,37.5
2910.5,130.75,36.5
2910.75,131.5,34.5
2911.0,131.75,35.0
2911.25,131.75,33.0
2911.5,132.0,33.0
2911.75,132.0,36.5
2912.0,132.25,37.5
2912.25,132.25,39.5
2912.5,131.75,40.0
2912.75,131.75,41.0
2913.0,132.75,41.5
2913.25,132.75,41.5
2913.5,132.75,41.0
2913.75,132.75,39.0
2914.0,132.75,38.0
2914.25,132.25,37.0
2914.5,132.25,35.0
2914.75,132.0,34.5
2915.0,132.0,33.0
2915.25,132.0,31.0
2915.5,132.0,31.0
2915.75,132.0,33.0
2916.0,132.75,33.5
2916.25,132.75,34.0
2916.5,132.75,35.0
2916.75,132.75,36.0
2917.0,133.25,37.0
2917.25,133.25,35.0
2917.5,134.25,33.0
2917.75,134.25,32.5
2918.0,133.75,31.0
2918.25,134.5,29.5
2918.5,134.5,27.5
2918.75,134.5,26.5
2919.0,134.5,26.5
2919.25,134.0,25.5
2919.5,134.0,28.5
2919.75,134.25,30.0
2920.0,134.25,29.0
2920.25,134.5,28.5
2920.5,134.0,29.0
2920.75,134.0,29.5
2921.0,134.0,30.5
2921.25,134.0,29.0
2921.5,134.25,28.0
2921.75,134.25,28.5
2922.0,134.25,28.0
2922.25,134.25,26.0
2922.5,134.25,25.0
2922.75,133.75,24.0
2923.0,133.75,23.5
2923.25,133.75,25.5
2923.5,133.75,27.0
2923.75,133.0,28.0
2924.0,133.0,28.5
2924.25,133.0,29.5
2924.5,133.25,29.5
2924.75,133.25,29.5
2925.0,133.5,28.0
2925.25,133.5,27.0
2925.5,132.5,27.0
2925.75,132.5,26.0
2926.0,133.0,25.0
2926.25,133.0,24.0
2926.5,132.75,23.0
2926.75,133.5,22.0
2927.0,133.5,23.0
2927.25,134.0,23.5
2927.5,134.0,24.5
2927.75,134.0,25.5
2928.0,134.0,26.5
2928.25,133.5,26.5
2928.5,133.5,25.5
2928.75,133.75,24.0
2929.0,133.75,24.0
2929.25,133.75,23.5
2929.5,133.75,23.0
2929.75,133.75,22.5
2930.0,134.25,23.0
2930.25,134.25,22.0
2930.5,134.25,23.0
2930.75,134.25,25.0
2931.0,135.25,25.5
2931.25,134.75,26.0
2931.5,134.75,27.0
2931.75,135.75,27.5
2932.0,135.75,26.0
2932.25,135.0,24.5
2932.5,135.0,24.0
2932.75,135.25,23.5
2933.0,134.75,22.5
2933.25,134.75,21.5
2933.5,135.75,20.5
2933.75,135.75,20.0
2934.0,135.25,19.5
2934.25,135.25,20.0
2934.5,135.0,20.5
2934.75,135.75,20.5
2935.0,135.75,21.0
2935.25,135.75,21.5
2935.5,135.75,20.0
2935.75,135.75,18.5
2936.0,135.75,18.0
2936.25,136.75,17.0
2936.5,137.0,17.0
2936.75,137.0,17.0
2937.0,137.5,16.5
2937.25,137.5,17.0
2937.5,136.75,18.0
2937.75,136.75,17.5
2938.0,136.5,18.0
2938.25,136.25,17.0
2938.5,136.25,15.5
2938.75,136.25,15.0
2939.0,136.25,13.5
2939.25,135.25,12.5
2939.5,135.25,12.0
2939.75,135.5,12.0
2940.0,135.5,12.0
2940.25,136.5,14.5
2940.5,136.25,15.5
2940.75,136.25,16.5
2941.0,134.75,17.0
2941.25,134.75,17.5
2941.5,135.5,17.5
2941.75,135.5,16.0
2942.0,135.75,15.0
2942.25,137.5,14.5
2942.5,137.5,14.0
2942.75,136.25,13.5
2943.0,136.25,13.0
2943.25,136.75,12.0
2943.5,136.75,12.0
2943.75,138.5,12.0
2944.0,138.0,12.0
2944.25,138.0,11.5
2944.5,137.5,12.0
2944.75,137.5,13.5
2945.0,137.0,15.0
2945.25,137.0,15.5
2945.5,137.0,14.0
2945.75,136.75,14.0
2946.0,136.75,13.0
2946.25,137.5,13.5
2946.5,137.5,12.5
2946.75,135.25,12.0
2947.0,135.25,11.5
2947.25,135.25,11.0
2947.5,134.75,10.0
2947.75,134.75,9.0
2948.0,135.5,8.5
2948.25,135.5,8.5
2948.5,137.25,8.5
2948.75,137.25,10.0
2949.0,137.25,11.5
2949.25,136.75,13.5
2949.5,136.75,15.0
2949.75,136.75,15.5
2950.0,136.75,15.5
2950.25,137.5,13.5
2950.5,137.5,13.0
2950.75,138.5,12.0
2951.0,136.0,11.0
2951.25,136.0,9.5
2951.5,138.75,8.0
2951.75,138.75,6.5
2952.0,139.0,5.5
2952.25,139.0,6.0
2952.5,139.0,7.5
2952.75,139.75,8.5
2953.0,139.75,9.5
2953.25,139.75,11.0
2953.5,139.75,11.5
2953.75,140.25,13.0
2954.0,140.25,13.5
2954.25,140.25,14.0
2954.5,141.0,13.0
2954.75,141.0,12.5
2955.0,140.5,12.0
2955.25,139.5,11.0
2955.5,139.5,9.5
2955.75,139.75,7.5
2956.0,139.75,6.5
2956.25,139.5,6.5
2956.5,139.5,7.5
2956.75,139.5,8.0
2957.0,140.5,8.5
2957.25,140.5,9.5
2957.5,139.0,10.0
2957.75,139.0,10.5
2958.0,140.0,9.5
2958.25,140.0,8.0
2958.5,139.5,7.5
2958.75,140.25,7.0
2959.0,140.25,6.0
2959.25,141.25,5.5
2959.5,141.25,5.0
2959.75,141.0,5.5
2960.0,141.0,6.5
2960.25,141.0,8.0
2960.5,142.5,9.0
2960.75,142.5,9.5
2961.0,141.25,10.5
2961.25,140.75,10.0
2961.5,140.75,8.0
2961.75,139.0,7.5
2962.0,139.0,7.0
2962.25,140.75,6.0
2962.5,140.75,5.5
2962.75,139.5,5.5
2963.0,139.75,6.5
2963.25,139.75,7.5
2963.5,141.0,9.0
2963.75,141.0,9.5
2964.0,139.75,10.0
2964.25,139.5,8.0
2964.5,139.5,6.0
2964.75,138.75,5.0
2965.0,138.75,4.0
2965.25,139.0,4.5
2965.5,139.0,5.0
2965.75,138.75,7.0
2966.0,140.5,8.5
2966.25,140.5,10.0
2966.5,139.25,11.0
2966.75,139.25,11.5
2967.0,139.75,9.0
2967.25,139.5,7.0
2967.5,139.5,6.0
2967.75,139.75,3.5
2968.0,139.75,3.0
2968.25,140.0,2.5
2968.5,140.0,3.5
2968.75,139.75,6.5
2969.0,140.25,8.5
2969.25,140.25,10.0
2969.5,139.5,11.5
2969.75,139.5,13.0
2970.0,141.0,14.0
2970.25,139.25,14.0
2970.5,139.25,13.0
2970.75,140.0,13.0
2971.0,140.0,12.0
2971.25,139.75,11.5
2971.5,139.75,9.0
2971.75,141.75,6.5
2972.0,141.75,5.5
2972.25,141.75,3.5
2972.5,142.0,3.5
2972.75,142.0,5.0
2973.0,142.0,5.5
2973.25,142.5,6.0
2973.5,142.5,6.0
2973.75,143.25,6.0
2974.0,143.25,4.5
2974.25,143.25,2.5
2974.5,143.75,2.0
2974.75,143.75,1.0
2975.0,144.75,1.0
2975.25,144.75,1.0
2975.5,144.5,2.0
2975.75,143.75,4.0
2976.0,143.75,5.0
2976.25,144.0,6.0
2976.5,144.0,7.5
2976.75,144.5,8.0
2977.0,144.0,8.5
2977.25,144.0,7.5
2977.5,143.25,6.0
2977.75,143.25,5.5
2978.0,143.75,5.5
2978.25,144.75,4.5
2978.5,144.75,4.0
2978.75,144.75,4.0
2979.0,144.75,5.5
2979.25,145.0,6.5
2979.5,145.0,7.5
2979.75,145.0,8.0
2980.0,145.0,9.0
2980.25,145.0,9.0
2980.5,145.0,7.5
2980.75,144.25,6.5
2981.0,144.25,6.0
2981.25,144.0,5.5
2981.5,144.0,5.0
2981.75,144.0,4.5
2982.0,143.25,4.0
2982.25,143.25,5.0
2982.5,143.0,6.0
2982.75,143.0,4.5
2983.0,142.5,2.0
2983.25,143.0,0.0
2983.5,143.0,0.0
2983.75,142.75,0.0
2984.0,142.75,0.0
2984.25,142.5,0.0
2984.5,142.0,2.0
2984.75,142.0,3.5
2985.0,143.0,4.0
2985.25,143.0,5.5
2985.5,142.5,6.5
2985.75,142.25,7.5
2986.0,142.25,6.5
2986.25,142.0,5.0
2986.5,142.0,4.5
2986.75,141.75,3.5
2987.0,143.0,2.5
2987.25,143.0,1.5
2987.5,141.5,1.0
2987.75,141.5,0.0
2988.0,141.75,0.0
2988.25,142.0,0.0
2988.5,142.0,0.0
2988.75,141.5,0.0
2989.0,141.5,1.5
2989.25,143.0,3.0
2989.5,143.0,4.0
2989.75,140.5,3.5
2990.0,140.75,1.5
2990.25,140.75,1.0
2990.5,142.0,1.0
2990.75,142.0,1.0
2991.0,141.5,2.0
2991.25,141.5,3.0
2991.5,141.5,4.0
2991.75,141.25,5.5
2992.0,141.25,4.5
2992.25,142.0,1.0
2992.5,141.75,0.0
2992.75,141.75,0.0
2993.0,142.0,0.0
2993.25,142.0,0.0
2993.5,142.0,1.0
2993.75,142.0,2.5
2994.0,142.0,4.0
2994.25,144.0,5.0
2994.5,144.0,4.5
2994.75,142.25,2.0
2995.0,143.25,1.0
2995.25,143.25,0.0
2995.5,144.25,0.0
2995.75,144.25,0.0
2996.0,143.5,0.0
2996.25,143.0,2.5
2996.5,143.0,5.0
2996.75,145.0,6.5
2997.0,145.0,8.5
2997.25,144.75,10.0
2997.5,144.75,11.5
2997.75,144.75,13.5
2998.0,143.5,13.5
2998.25,143.5,11.0
2998.5,145.25,10.5
2998.75,144.25,10.0
2999.0,144.25,9.5
2999.25,144.25,8.0
2999.5,144.25,7.0
2999.75,144.5,5.0
3000.0,145.0,3.5
3000.25,145.0,4.0
3000.5,144.0,5.5
3000.75,144.0,6.0
3001.0,145.0,7.0
3001.25,145.0,8.5
3001.5,145.0,9.0
3001.75,145.5,7.0
3002.0,145.5,5.5
3002.25,145.5,5.0
3002.5,145.5,4.5
3002.75,145.5,4.5
3003.0,145.25,5.5
3003.25,145.25,7.0
3003.5,145.0,8.0
3003.75,145.25,9.0
3004.0,145.25,10.0
3004.25,145.0,10.5
3004.5,145.25,10.5
3004.75,145.25,11.0
3005.0,145.5,9.5
3005.25,145.5,9.0
3005.5,144.75,8.5
3005.75,144.25,7.5
3006.0,144.25,6.5
3006.25,145.25,5.0
3006.5,145.25,3.5
3006.75,144.5,2.0
3007.0,144.5,1.5
3007.25,144.5,1.0
3007.5,143.75,2.0
3007.75,143.75,3.5
3008.0,142.5,4.0
3008.25,143.75,5.5
3008.5,143.75,6.5
3008.75,142.5,6.0
3009.0,142.5,4.5
3009.25,142.25,3.5
3009.5,143.25,3.0
3009.75,143.25,2.0
3010.0,142.75,1.5
3010.25,142.75,1.0
3010.5,143.25,1.5
3010.75,143.25,2.5
3011.0,142.25,4.0
3011.25,141.75,5.0
3011.5,141.75,5.5
3011.75,143.0,6.0
3012.0,143.0,5.5
3012.25,140.75,3.0
3012.5,143.0,2.0
3012.75,143.0,1.5
3013.0,143.25,1.5
3013.25,143.25,0.5
3013.5,142.25,0.0
3013.75,142.25,1.0
3014.0,142.25,3.0
3014.25,140.75,5.0
3014.5,140.75,6.0
3014.75,141.5,7.0
3015.0,141.0,7.5
3015.25,141.0,8.0
3015.5,141.5,8.0
3015.75,141.5,7.0
3016.0,139.75,6.5
3016.25,139.75,6.5
3016.5,140.5,6.0
3016.75,140.75,6.0
3017.0,140.75,5.5
3017.25,140.25,5.5
3017.5,140.25,6.0
3017.75,140.25,6.5
3018.0,141.25,7.0
3018.25,141.25,7.5
3018.5,141.25,8.0
3018.75,141.25,6.5
3019.0,140.5,5.5
3019.25,140.75,4.5
3019.5,140.75,4.0
3019.75,141.25,3.0
3020.0,141.25,2.5
3020.25,141.5,3.0
3020.5,141.5,5.0
3020.75,141.0,6.0
3021.0,142.5,6.5
3021.25,142.5,7.0
3021.5,143.25,6.0
3021.75,143.25,4.5
3022.0,142.25,3.5
3022.25,143.25,2.5
3022.5,143.25,2.0
3022.75,144.25,1.0
3023.0,144.25,0.0
3023.25,144.75,0.0
3023.5,144.75,1.0
3023.75,144.75,2.5
3024.0,144.25,4.0
3024.25,145.75,5.0
3024.5,145.75,5.0
3024.75,145.0,4.0
3025.0,145.0,2.5
3025.25,145.0,2.0
3025.5,145.25,1.5
3025.75,145.25,1.5
3026.0,145.0,1.5
3026.25,145.0,2.5
3026.5,145.0,3.5
3026.75,144.75,4.5
3027.0,144.75,5.5
3027.25,145.0,5.5
3027.5,145.0,4.5
3027.75,144.0,2.5
3028.0,144.25,2.0
3028.25,144.25,1.0
3028.5,144.0,1.0
3028.75,144.0,1.5
3029.0,143.5,2.5
3029.25,143.25,4.0
3029.5,143.25,5.0
3029.75,143.0,5.5
3030.0,143.0,3.5
3030.25,143.0,2.0
3030.5,143.0,1.0
3030.75,143.0,0.5
3031.0,143.0,1.0
3031.25,143.0,3.0
3031.5,143.75,6.5
3031.75,143.25,8.5
3032.0,143.25,10.0
3032.25,143.25,11.0
3032.5,143.25,12.5
3032.75,143.75,13.0
3033.0,143.75,13.5
3033.25,143.75,13.5
3033.5,144.5,13.5
3033.75,144.5,13.5
3034.0,144.25,14.0
3034.25,145.5,13.5
3034.5,145.5,13.0
3034.75,145.0,12.0
3035.0,145.0,11.5
3035.25,145.0,11.0
3035.5,145.0,10.0
3035.75,145.0,9.5
3036.0,145.0,9.5
3036.25,145.0,10.0
3036.5,144.5,11.0
3036.75,145.0,11.0
3037.0,145.0,11.0
3037.25,144.0,10.0
3037.5,144.0,9.5
3037.75,143.25,10.0
3038.0,143.25,10.0
3038.25,143.25,11.0
3038.5,142.75,12.0
3038.75,142.75,13.5
3039.0,143.0,16.0
3039.25,142.75,17.5
3039.5,142.75,19.0
3039.75,142.5,19.5
3040.0,142.5,19.0
3040.25,142.75,18.0
3040.5,142.75,18.0
3040.75,142.0,17.5
3041.0,142.75,18.0
3041.25,142.75,18.0
3041.5,143.25,17.5
3041.75,143.25,18.0
3042.0,142.75,19.5
3042.25,143.75,21.0
3042.5,143.75,22.0
3042.75,143.75,22.5
3043.0,143.5,24.0
3043.25,143.5,25.5
3043.5,144.5,27.0
3043.75,144.5,29.5
3044.0,144.5,30.5
3044.25,144.75,29.0
3044.5,144.75,27.5
3044.75,144.5,26.5
3045.0,144.5,26.5
3045.25,145.0,27.0
3045.5,146.0,28.5
3045.75,146.0,28.5
3046.0,144.5,27.0
3046.25,144.5,28.0
3046.5,145.0,29.0
3046.75,145.25,29.5
3047.0,145.25,30.5
3047.25,144.75,31.0
3047.5,144.75,32.0
3047.75,144.75,31.0
3048.0,144.25,30.5
3048.25,144.25,30.5
3048.5,143.5,30.0
3048.75,143.5,30.5
3049.0,143.25,30.5
3049.25,143.25,30.5
3049.5,143.25,30.5
3049.75,142.25,31.0
3050.0,142.25,33.5
3050.25,143.25,37.0
3050.5,143.25,38.5
3050.75,141.5,40.5
3051.0,141.0,41.5
3051.25,141.0,41.5
3051.5,140.75,42.5
3051.75,140.75,40.5
3052.0,140.75,39.5
3052.25,140.0,39.5
3052.5,140.0,39.5
3052.75,140.75,37.0
3053.0,140.75,37.0
3053.25,140.75,37.5
3053.5,142.0,34.0
3053.75,142.0,31.5
3054.0,142.0,27.5
3054.25,142.0,24.0
3054.5,142.0,22.5
3054.75,142.0,27.5
3055.0,142.0,34.5
3055.25,142.0,35.0
3055.5,142.0,35.0
3055.75,142.0,33.5
3056.0,142.0,33.0
3056.25,142.0,34.0
3056.5,142.0,33.5
3056.75,142.0,35.5
3057.0,142.0,37.5
3057.25,0.0,40.5
3057.5,0.0,45.5
3057.75,0.0,48.0
3058.0,0.0,51.0
3058.25,0.0,54.0
3058.5,0.0,56.0
3058.75,0.0,56.5
3059.0,0.0,56.5
3059.25,0.0,57.0
3059.5,0.0,55.0
3059.75,0.0,54.5
3060.0,0.0,53.5
3060.25,0.0,51.5
3060.5,0.0,49.5
3060.75,139.75,48.0
3061.0,139.5,48.5
3061.25,139.5,49.5
3061.5,140.0,52.0
3061.75,140.0,54.5
3062.0,139.25,56.5
3062.25,139.25,58.0
3062.5,139.5,58.5
3062.75,139.5,58.5
3063.0,139.5,58.5
3063.25,139.5,57.0
3063.5,139.5,55.5
3063.75,139.5,54.5
3064.0,139.5,53.5
3064.25,139.5,50.0
3064.5,139.5,47.5
3064.75,139.5,45.0
3065.0,139.0,42.5
3065.25,139.0,42.0
3065.5,139.0,42.0
3065.75,139.0,44.5
3066.0,139.0,46.5
3066.25,138.75,48.0
3066.5,138.75,49.0
3066.75,138.75,48.5
3067.0,139.5,49.0
3067.25,139.5,48.0
3067.5,139.0,46.0
3067.75,139.0,45.5
3068.0,139.25,44.0
3068.25,139.25,41.5
3068.5,139.25,39.5
3068.75,138.5,37.5
3069.0,138.5,35.5
3069.25,139.0,33.5
3069.5,139.5,32.0
3069.75,139.5,31.0
3070.0,139.5,31.5
3070.25,139.5,35.5
3070.5,138.5,36.0
3070.75,138.5,36.5
3071.0,138.5,36.0
3071.25,139.5,33.5
3071.5,140.25,34.0
3071.75,140.25,32.5
3072.0,140.25,32.5
3072.25,140.25,31.0
3072.5,140.25,32.0
3072.75,140.25,30.0
3073.0,140.25,31.0
3073.25,140.25,33.0
3073.5,140.25,32.5
3073.75,140.25,32.5
3074.0,140.25,32.5
3074.25,140.25,30.0
3074.5,140.25,29.0
3074.75,140.25,27.5
3075.0,140.5,26.5
3075.25,140.5,26.0
3075.5,140.5,26.0
3075.75,0.0,26.5
3076.0,0.0,27.0
3076.25,0.0,28.5
3076.5,0.0,29.0
3076.75,0.0,29.0
3077.0,142.0,27.5
3077.25,142.0,25.5
3077.5,141.25,23.5
3077.75,141.25,23.5
3078.0,141.5,22.5
3078.25,141.25,22.0
3078.5,141.25,21.5
3078.75,140.75,22.0
3079.0,140.75,23.5
3079.25,141.75,24.0
3079.5,141.75,25.0
3079.75,142.0,26.0
3080.0,142.0,26.5
3080.25,142.0,25.0
3080.5,142.0,23.5
3080.75,142.0,22.0
3081.0,142.0,21.0
3081.25,141.5,20.5
3081.5,141.5,20.0
3081.75,140.5,20.5
3082.0,140.5,21.5
3082.25,139.5,24.0
3082.5,139.5,26.5
3082.75,139.5,26.5
3083.0,139.5,26.5
3083.25,139.5,27.5
3083.5,139.5,30.0
3083.75,136.75,30.5
3084.0,136.75,29.0
3084.25,136.75,27.0
3084.5,136.25,27.0
3084.75,136.25,26.0
3085.0,136.5,25.0
3085.25,136.5,24.5
3085.5,136.5,23.5
3085.75,136.5,24.0
3086.0,136.5,25.0
3086.25,136.25,25.0
3086.5,136.25,25.5
3086.75,136.25,25.0
3087.0,136.25,23.0
3087.25,136.25,20.5
3087.5,140.0,19.5
3087.75,140.0,18.0
3088.0,140.0,18.0
3088.25,140.0,17.0
3088.5,140.0,16.5
3088.75,139.75,15.0
3089.0,139.75,14.0
3089.25,140.0,13.0
3089.5,140.0,13.0
3089.75,145.0,14.5
3090.0,145.0,17.0
3090.25,145.0,19.5
3090.5,145.0,21.5
3090.75,145.0,22.0
3091.0,145.0,20.5
3091.25,145.0,19.5
3091.5,145.0,19.0
3091.75,145.0,18.5
3092.0,145.0,17.5
3092.25,145.0,18.0
3092.5,145.0,17.5
3092.75,145.0,18.0
3093.0,145.0,19.5
3093.25,145.0,20.0
3093.5,0.0,20.5
3093.75,0.0,20.0
3094.0,0.0,18.0
3094.25,0.0,16.0
3094.5,0.0,15.0
3094.75,146.0,14.5
3095.0,146.0,14.5
3095.25,146.5,14.0
3095.5,146.0,14.5
3095.75,146.0,16.0
3096.0,146.5,17.0
3096.25,147.0,19.0
3096.5,147.0,20.0
3096.75,146.5,17.5
3097.0,146.5,15.0
3097.25,146.0,13.0
3097.5,146.5,12.0
3097.75,146.5,11.5
3098.0,146.5,11.5
3098.25,146.5,12.5
3098.5,146.25,13.5
3098.75,145.75,16.0
3099.0,145.75,16.0
3099.25,145.5,15.5
3099.5,145.5,15.0
3099.75,145.5,13.0
3100.0,146.25,10.5
3100.25,146.25,9.0
3100.5,145.25,8.0
3100.75,145.25,8.0
3101.0,145.0,8.5
3101.25,145.0,9.0
3101.5,145.0,10.5
3101.75,144.5,12.0
3102.0,144.5,13.5
3102.25,144.75,11.5
3102.5,144.5,8.0
3102.75,144.5,7.0
3103.0,144.5,6.0
3103.25,144.5,5.5
3103.5,144.5,6.0
3103.75,144.5,6.5
3104.0,144.5,7.0
3104.25,144.5,7.5
3104.5,144.5,8.0
3104.75,144.0,8.0
3105.0,144.25,8.5
3105.25,144.25,8.0
3105.5,145.5,7.0
3105.75,145.0,6.0
3106.0,145.0,5.5
3106.25,145.0,5.5
3106.5,145.0,6.0
3106.75,145.25,7.5
3107.0,145.5,8.5
3107.25,145.5,9.5
3107.5,146.5,9.0
3107.75,146.5,7.0
3108.0,146.0,6.0
3108.25,146.0,6.5
3108.5,146.0,8.0
3108.75,146.25,9.5
3109.0,146.25,12.0
3109.25,146.5,15.5
3109.5,146.25,18.5
3109.75,146.25,21.5
3110.0,147.0,24.0
3110.25,146.75,25.5
3110.5,146.75,25.0
3110.75,148.25,24.0
3111.0,148.25,23.5
3111.25,147.75,24.0
3111.5,149.0,24.0
3111.75,149.0,24.0
3112.0,149.75,25.5
3112.25,150.25,26.0
3112.5,150.25,27.0
3112.75,150.0,28.5
3113.0,150.0,28.0
3113.25,150.0,26.5
3113.5,151.0,24.5
3113.75,151.0,23.5
3114.0,150.75,22.5
3114.25,151.5,22.0
3114.5,151.5,22.0
3114.75,152.5,23.0
3115.0,152.5,26.5
3115.25,152.5,30.5
3115.5,152.5,32.5
3115.75,152.5,33.0
3116.0,152.25,36.0
3116.25,153.25,36.0
3116.5,153.25,39.0
3116.75,153.5,35.0
3117.0,153.25,33.5
3117.25,153.25,33.5
3117.5,153.0,32.0
3117.75,153.75,30.5
3118.0,153.75,31.0
3118.25,154.0,33.0
3118.5,155.75,31.5
3118.75,155.75,27.0
3119.0,155.25,23.5
3119.25,155.25,22.0
3119.5,154.5,19.5
3119.75,156.5,18.0
3120.0,156.5,17.5
3120.25,157.5,18.0
3120.5,157.25,18.0
3120.75,157.25,18.0
3121.0,158.0,17.0
3121.25,158.5,14.0
3121.5,158.5,12.5
3121.75,157.0,11.0
3122.0,157.25,10.0
3122.25,157.25,11.0
3122.5,155.75,12.5
3122.75,152.75,14.0
3123.0,152.75,16.0
3123.25,151.0,15.5
3123.5,151.0,12.5
3123.75,150.75,10.0
3124.0,149.25,8.0
3124.25,149.25,7.5
3124.5,148.5,8.5
3124.75,148.25,9.5
3125.0,148.25,11.0
3125.25,147.25,12.0
3125.5,147.25,13.5
3125.75,146.75,13.5
3126.0,146.5,11.0
3126.25,146.25,8.0
3126.5,146.25,6.5
3126.75,146.5,5.0
3127.0,146.0,5.0
3127.25,146.0,5.0
3127.5,145.75,5.0
3127.75,145.75,6.0
3128.0,145.25,7.5
3128.25,145.0,9.0
3128.5,145.0,9.5
3128.75,144.5,11.0
3129.0,144.5,12.0
3129.25,144.5,11.5
3129.5,144.5,11.0
3129.75,145.0,10.5
3130.0,144.75,10.5
3130.25,144.75,9.0
3130.5,145.0,8.0
3130.75,144.75,8.5
3131.0,144.75,8.5
3131.25,145.0,9.0
3131.5,145.0,9.5
3131.75,144.0,10.0
3132.0,144.0,10.5
3132.25,144.0,10.0
3132.5,144.0,8.0
3132.75,144.0,7.0
3133.0,144.0,6.0
3133.25,143.5,5.5
3133.5,143.5,5.0
3133.75,143.25,5.0
3134.0,143.25,5.0
3134.25,142.75,4.5
3134.5,142.75,4.5
3134.75,143.0,4.5
3135.0,142.75,4.0
3135.25,142.75,2.5
3135.5,143.0,2.5
3135.75,143.75,2.0
3136.0,143.75,2.0
3136.25,142.5,3.0
3136.5,142.5,4.5
3136.75,142.5,6.0
3137.0,142.5,7.5
3137.25,142.5,9.0
3137.5,143.0,8.5
3137.75,143.0,7.0
3138.0,141.75,5.5
3138.25,141.75,4.5
3138.5,143.75,4.0
3138.75,143.25,4.0
3139.0,143.25,3.5
3139.25,143.25,3.0
3139.5,143.25,2.5
3139.75,142.75,1.5
3140.0,142.75,0.5
3140.25,142.75,0.0
3140.5,143.25,0.0
3140.75,143.25,0.0
3141.0,142.25,0.0
3141.25,142.0,0.0
3141.5,142.0,0.0
3141.75,142.0,0.0
3142.0,142.0,0.0
3142.25,141.75,0.0
3142.5,142.25,0.0
3142.75,142.25,0.0
3143.0,143.0,1.0
3143.25,143.0,1.0
3143.5,142.25,1.0
3143.75,142.25,1.0
3144.0,142.25,1.0
3144.25,142.75,1.0
3144.5,142.75,1.0
3144.75,143.25,0.5
3145.0,143.25,1.5
3145.25,143.5,1.0
3145.5,145.0,0.5
3145.75,145.0,1.0
3146.0,145.5,0.5
3146.25,145.5,0.0
3146.5,145.5,0.0
3146.75,145.25,0.0
3147.0,145.25,0.0
3147.25,145.5,0.0
3147.5,145.5,0.0
3147.75,146.75,0.0
3148.0,146.75,0.0
3148.25,146.75,0.0
3148.5,145.5,0.0
3148.75,145.5,0.0
3149.0,144.75,0.0
3149.25,144.75,0.0
3149.5,144.25,0.0
3149.75,143.25,0.0
3150.0,143.25,0.0
3150.25,143.0,0.0
3150.5,143.0,0.0
3150.75,142.75,0.0
3151.0,143.25,0.5
3151.25,143.25,1.5
3151.5,142.75,3.0
3151.75,142.75,4.0
3152.0,143.75,5.5
3152.25,143.25,5.0
3152.5,143.25,3.5
3152.75,142.25,3.0
3153.0,142.25,2.5
3153.25,142.75,2.0
3153.5,142.75,2.0
3153.75,143.25,1.5
3154.0,143.25,2.0
3154.25,143.25,1.0
3154.5,143.5,0.5
3154.75,143.75,0.0
3155.0,143.75,0.0
3155.25,143.25,0.0
3155.5,143.25,0.0
3155.75,143.25,0.0
3156.0,143.75,0.0
3156.25,143.75,0.0
3156.5,144.75,0.0
3156.75,144.75,0.0
3157.0,144.25,0.0
3157.25,144.75,0.0
3157.5,144.75,0.0
3157.75,145.5,0.0
3158.0,145.5,0.0
3158.25,146.5,0.0
3158.5,146.5,0.0
3158.75,146.5,0.0
3159.0,145.75,0.0
3159.25,145.75,0.0
3159.5,145.75,0.0
3159.75,146.0,0.0
3160.0,146.0,0.0
3160.25,146.25,0.0
3160.5,146.25,0.0
3160.75,146.0,0.0
3161.0,146.0,0.0
3161.25,146.0,0.0
3161.5,145.75,0.0
3161.75,145.0,0.0
3162.0,145.0,0.0
3162.25,144.75,0.0
3162.5,144.75,0.0
3162.75,144.25,0.0
3163.0,144.25,0.0
3163.25,143.75,0.0
3163.5,144.0,0.0
3163.75,144.0,0.5
3164.0,143.75,0.5
3164.25,143.75,0.0
3164.5,144.0,0.0
3164.75,144.25,0.0
3165.0,144.25,0.0
3165.25,144.5,0.0
3165.5,144.5,0.0
3165.75,145.0,0.0
3166.0,145.0,0.0
3166.25,145.0,0.0
3166.5,145.75,0.0
3166.75,146.5,1.5
3167.0,146.5,0.0
3167.25,145.5,0.0
3167.5,145.5,0.0
3167.75,145.5,0.0
3168.0,146.5,0.0
3168.25,146.5,0.0
3168.5,147.0,0.0
3168.75,147.0,0.0
3169.0,147.5,0.0
3169.25,148.25,0.0
3169.5,148.25,0.0
3169.75,149.5,0.0
3170.0,149.25,0.0
3170.25,149.25,0.0
3170.5,148.0,0.0
3170.75,148.0,0.0
3171.0,148.75,0.0
3171.25,149.5,0.0
3171.5,149.5,0.0
3171.75,149.25,0.0
3172.0,149.5,0.0
3172.25,149.5,0.0
3172.5,149.5,0.0
3172.75,149.5,0.0
3173.0,149.5,0.0
3173.25,149.25,0.0
3173.5,149.25,0.0
3173.75,149.75,0.0
3174.0,149.25,0.0
3174.25,149.25,0.5
3174.5,150.0,1.5
3174.75,150.0,2.5
3175.0,149.5,2.5
3175.25,149.5,2.0
3175.5,149.5,1.5
3175.75,149.0,1.5
3176.0,150.75,1.5
3176.25,150.75,1.5
3176.5,150.5,1.5
3176.75,150.5,1.0
3177.0,150.75,1.0
3177.25,151.25,1.5
3177.5,151.25,2.0
3177.75,152.5,3.0
3178.0,151.25,2.5
3178.25,151.25,2.0
3178.5,150.5,2.0
3178.75,151.25,1.5
3179.0,151.25,1.5
3179.25,152.0,1.5
3179.5,152.0,1.5
3179.75,152.25,1.0
3180.0,152.25,1.0
3180.25,152.25,1.0
3180.5,152.0,0.5
3180.75,152.25,0.0
3181.0,152.25,0.0
3181.25,152.0,0.0
3181.5,152.0,0.0
3181.75,152.25,0.0
3182.0,152.75,0.0
3182.25,152.75,0.0
3182.5,153.75,1.5
3182.75,153.0,1.0
3183.0,153.0,1.0
3183.25,152.5,1.0
3183.5,152.0,1.0
3183.75,152.0,1.0
3184.0,151.75,1.5
3184.25,151.75,2.5
3184.5,152.0,2.5
3184.75,152.0,2.0
3185.0,152.0,2.5
3185.25,151.75,2.0
3185.5,152.25,2.0
3185.75,152.25,2.0
3186.0,152.0,1.5
3186.25,151.75,1.0
3186.5,151.75,1.0
3186.75,151.5,0.5
3187.0,151.5,0.5
3187.25,151.5,0.0
3187.5,151.75,0.0
3187.75,151.75,0.0
3188.0,151.25,0.0
3188.25,150.5,0.0
3188.5,150.5,0.0
3188.75,150.75,1.5
3189.0,150.75,1.0
3189.25,150.25,0.5
3189.5,150.0,0.0
3189.75,150.0,0.0
3190.0,149.75,0.0
3190.25,150.0,0.0
3190.5,150.0,0.0
3190.75,150.0,0.0
3191.0,150.0,0.0
3191.25,150.0,0.0
3191.5,150.5,0.0
3191.75,150.5,0.0
3192.0,151.25,1.5
3192.25,150.5,3.0
3192.5,150.5,5.0
3192.75,152.0,6.5
3193.0,152.0,8.5
3193.25,152.0,9.5
3193.5,151.75,7.5
3193.75,151.75,6.5
3194.0,151.75,7.0
3194.25,151.75,7.5
3194.5,151.75,7.0
3194.75,151.75,8.0
3195.0,151.75,8.0
3195.25,151.75,6.5
3195.5,151.5,5.5
3195.75,151.5,5.5
3196.0,151.25,5.5
3196.25,150.75,4.5
3196.5,150.75,5.0
3196.75,150.75,4.5
3197.0,150.5,4.0
3197.25,150.5,3.0
3197.5,150.0,4.0
3197.75,150.0,5.5
3198.0,150.0,6.0
3198.25,149.0,7.5
3198.5,149.0,7.0
3198.75,149.25,5.0
3199.0,149.25,5.0
3199.25,149.25,5.0
3199.5,148.5,5.0
3199.75,148.5,6.5
3200.0,147.75,8.0
3200.25,148.75,11.5
3200.5,148.75,13.5
3200.75,147.75,15.5
3201.0,149.5,17.0
3201.25,149.5,18.5
3201.5,148.75,17.5
3201.75,148.75,15.0
3202.0,149.25,14.5
3202.25,148.75,14.0
3202.5,148.75,13.5
3202.75,147.5,13.0
3203.0,147.5,12.0
3203.25,148.5,11.0
3203.5,149.25,9.5
3203.75,149.25,9.0
3204.0,149.5,7.5
3204.25,150.0,6.0
3204.5,150.0,5.5
3204.75,150.25,5.0
3205.0,150.25,5.0
3205.25,150.25,6.5
3205.5,149.25,7.5
3205.75,150.0,9.0
3206.0,150.0,10.0
3206.25,149.5,11.5
3206.5,149.5,13.0
3206.75,149.5,14.5
3207.0,148.75,16.5
3207.25,148.75,18.5
3207.5,149.25,25.0
3207.75,149.25,30.0
3208.0,150.75,34.5
3208.25,149.25,40.0
3208.5,149.25,41.0
3208.75,149.25,40.0
3209.0,149.25,38.5
3209.25,148.25,37.5
3209.5,147.0,37.5
3209.75,147.0,36.5
3210.0,145.75,35.0
3210.25,145.75,33.5
3210.5,143.75,31.0
3210.75,141.25,29.5
3211.0,141.25,29.5
3211.25,138.5,32.5
3211.5,138.5,36.0
3211.75,137.5,37.5
3212.0,137.5,39.0
3212.25,136.75,40.5
3212.5,136.75,41.0
3212.75,137.0,42.0
3213.0,136.25,42.5
3213.25,136.25,40.0
3213.5,136.25,40.0
3213.75,137.5,39.0
3214.0,137.5,37.0
3214.25,135.75,35.0
3214.5,135.75,33.0
3214.75,136.5,30.5
3215.0,136.75,28.5
3215.25,136.75,27.0
3215.5,136.0,26.5
3215.75,136.0,27.5
3216.0,135.25,29.0
3216.25,135.25,31.0
3216.5,134.75,31.5
3216.75,134.75,30.5
3217.0,135.75,29.0
3217.25,134.5,28.0
3217.5,134.5,27.5
3217.75,134.0,26.5
3218.0,134.0,26.0
3218.25,133.25,25.5
3218.5,133.25,24.0
3218.75,134.75,23.5
3219.0,135.5,21.5
3219.25,135.5,20.5
3219.5,135.75,21.5
3219.75,135.75,23.0
3220.0,135.25,24.5
3220.25,135.25,26.5
3220.5,136.25,28.5
3220.75,136.5,27.5
3221.0,136.5,25.5
3221.25,137.25,25.5
3221.5,137.25,25.5
3221.75,136.75,25.5
3222.0,136.75,25.0
3222.25,136.75,25.0
3222.5,136.75,23.5
3222.75,136.0,21.5
3223.0,136.75,20.5
3223.25,136.75,20.0
3223.5,136.0,20.0
3223.75,136.0,18.5
3224.0,136.25,19.0
3224.25,136.25,20.5
3224.5,134.75,22.0
3224.75,134.75,24.0
3225.0,134.75,26.0
3225.25,134.25,27.5
3225.5,134.25,27.5
3225.75,132.75,26.0
3226.0,132.75,24.0
3226.25,134.25,23.0
3226.5,134.25,22.0
3226.75,132.0,21.0
3227.0,132.0,19.0
3227.25,132.0,17.0
3227.5,132.0,15.5
3227.75,132.0,14.0
3228.0,129.5,13.0
3228.25,129.5,13.5
3228.5,129.5,13.5
3228.75,129.5,14.5
3229.0,129.0,15.5
3229.25,129.0,16.5
3229.5,128.75,18.0
3229.75,128.75,17.5
3230.0,129.5,16.0
3230.25,130.25,15.0
3230.5,130.25,14.5
3230.75,131.5,14.5
3231.0,131.5,14.5
3231.25,132.75,15.5
3231.5,132.75,16.5
3231.75,134.75,17.5
3232.0,134.75,19.0
3232.25,136.0,17.5
3232.5,136.25,15.0
3232.75,136.25,13.5
3233.0,136.0,12.0
3233.25,136.75,11.5
3233.5,136.75,11.0
3233.75,138.0,11.0
3234.0,138.0,13.0
3234.25,139.0,17.5
3234.5,139.5,21.0
3234.75,139.5,23.0
3235.0,140.5,24.0
3235.25,140.5,25.5
3235.5,140.75,27.0
3235.75,140.75,28.0
3236.0,142.0,27.0
3236.25,143.5,25.5
3236.5,143.5,25.0
3236.75,142.5,24.0
3237.0,142.5,21.5
3237.25,143.0,19.5
3237.5,143.0,18.0
3237.75,145.0,16.0
3238.0,145.25,15.0
3238.25,145.25,15.5
3238.5,145.75,15.5
3238.75,145.75,15.5
3239.0,145.75,16.0
3239.25,148.25,17.5
3239.5,148.25,18.0
3239.75,149.0,19.0
3240.0,148.25,17.5
3240.25,148.25,15.5
3240.5,151.0,15.5
3240.75,151.0,15.0
3241.0,151.5,15.0
3241.25,151.75,15.0
3241.5,151.75,14.0
3241.75,152.0,13.5
3242.0,152.0,15.0
3242.25,152.75,15.5
3242.5,152.75,15.5
3242.75,152.75,15.5
3243.0,152.75,16.0
3243.25,153.0,15.5
3243.5,153.0,13.5
3243.75,154.75,13.0
3244.0,154.75,12.5
3244.25,154.75,11.5
3244.5,155.75,11.0
3244.75,156.25,9.5
3245.0,156.25,8.0
3245.25,156.25,7.0
3245.5,156.25,7.0
3245.75,157.0,7.5
3246.0,157.25,8.0
3246.25,157.25,9.5
3246.5,157.25,12.5
3246.75,158.75,13.5
3247.0,162.0,18.0
3247.25,162.0,19.5
3247.5,160.5,20.5
3247.75,160.75,19.5
3248.0,160.75,20.0
3248.25,160.0,21.0
3248.5,160.25,23.0
3248.75,160.25,23.5
3249.0,160.25,24.5
3249.25,160.75,27.0
3249.5,160.75,26.5
3249.75,160.25,25.5
3250.0,161.75,25.5
3250.25,161.75,24.0
3250.5,165.0,23.0
3250.75,164.75,22.5
3251.0,164.75,23.0
3251.25,164.25,22.0
3251.5,163.75,21.5
3251.75,162.75,21.0
3252.0,162.75,19.0
3252.25,163.75,17.5
3252.5,164.25,16.5
3252.75,164.25,15.5
3253.0,163.5,17.0
3253.25,163.5,17.0
3253.5,163.5,16.0
3253.75,163.5,16.0
3254.0,163.5,17.0
3254.25,163.5,17.0
3254.5,163.5,17.5
3254.75,163.25,18.0
3255.0,160.75,18.0
3255.25,160.75,18.0
3255.5,159.5,18.5
3255.75,157.75,20.0
3256.0,157.75,25.0
3256.25,156.25,26.0
3256.5,154.5,26.0
3256.75,154.5,26.0
3257.0,154.5,24.0
3257.25,154.5,22.5
3257.5,151.0,23.5
3257.75,151.0,23.0
3258.0,151.25,21.5
3258.25,153.5,21.0
3258.5,153.5,22.5
3258.75,155.75,24.0
3259.0,155.5,24.0
3259.25,155.5,24.0
3259.5,152.25,22.0
3259.75,150.25,20.0
3260.0,150.25,19.5
3260.25,148.5,19.5
3260.5,148.5,20.0
3260.75,148.5,20.5
3261.0,148.75,20.5
3261.25,146.25,19.5
3261.5,146.25,18.0
3261.75,146.0,17.0
3262.0,146.0,16.0
3262.25,146.75,17.5
3262.5,147.0,17.5
3262.75,147.0,18.0
3263.0,148.0,18.5
3263.25,148.0,17.5
3263.5,147.0,18.0
3263.75,149.0,18.0
3264.0,149.0,17.5
3264.25,151.0,17.0
3264.5,152.5,16.5
3264.75,152.5,15.0
3265.0,153.25,15.0
3265.25,153.25,16.5
3265.5,154.5,17.0
3265.75,156.0,15.5
3266.0,155.75,15.0
3266.25,155.75,13.5
3266.5,156.5,13.5
3266.75,156.75,13.5
3267.0,156.75,13.0
3267.25,157.0,12.5
3267.5,157.0,12.0
3267.75,157.5,11.5
3268.0,158.0,11.0
3268.25,158.0,10.0
3268.5,158.75,9.5
3268.75,158.75,9.0
3269.0,158.75,8.5
3269.25,157.25,8.0
3269.5,156.25,9.0
3269.75,156.25,10.0
3270.0,155.25,11.0
3270.25,153.75,10.5
3270.5,153.75,9.5
3270.75,153.0,8.5
3271.0,153.0,8.0
3271.25,152.5,8.0
3271.5,153.25,8.0
3271.75,153.25,8.0
3272.0,151.75,8.0
3272.25,151.0,7.0
3272.5,151.0,5.5
3272.75,150.25,5.0
3273.0,150.0,4.0
3273.25,150.0,3.5
3273.5,150.0,3.0
3273.75,150.0,2.5
3274.0,149.25,3.0
3274.25,149.25,3.0
3274.5,149.25,2.5
3274.75,148.75,1.5
3275.0,148.25,1.0
3275.25,148.25,1.5
3275.5,148.75,3.0
3275.75,148.75,4.5
3276.0,148.75,5.5
3276.25,147.25,4.5
3276.5,147.25,4.0
3276.75,146.0,4.0
3277.0,146.0,3.0
3277.25,145.75,3.0
3277.5,144.75,3.0
3277.75,144.75,2.5
3278.0,143.0,2.0
3278.25,143.0,2.0
3278.5,141.0,2.5
3278.75,140.75,4.0
3279.0,140.75,5.0
3279.25,140.75,6.5
3279.5,140.75,9.0
3279.75,141.0,10.5
3280.0,141.0,11.0
3280.25,141.0,9.5
3280.5,141.0,8.5
3280.75,141.0,7.0
3281.0,141.0,6.0
3281.25,140.75,6.0
3281.5,141.0,5.5
3281.75,141.0,5.0
3282.0,142.0,4.5
3282.25,142.0,5.0
3282.5,142.25,6.0
3282.75,142.0,7.0
3283.0,142.0,8.5
3283.25,141.75,9.5
3283.5,141.75,9.0
3283.75,142.0,7.0
3284.0,142.0,5.5
3284.25,141.75,5.0
3284.5,141.0,4.0
3284.75,141.0,4.0
3285.0,140.75,3.5
3285.25,140.75,3.0
3285.5,141.5,1.5
3285.75,142.5,1.0
3286.0,142.5,0.0
3286.25,143.25,0.0
3286.5,143.25,0.0
3286.75,143.25,0.0
3287.0,143.5,0.0
3287.25,143.5,0.0
3287.5,143.0,0.0
3287.75,143.0,0.0
3288.0,142.25,0.0
3288.25,142.0,0.0
3288.5,142.0,0.0
3288.75,143.0,0.0
3289.0,143.0,0.0
3289.25,142.5,0.0
3289.5,143.25,0.0
3289.75,143.25,0.0
3290.0,143.75,0.0
3290.25,143.75,0.0
3290.5,145.25,0.0
3290.75,145.25,0.0
3291.0,145.25,0.0
3291.25,145.0,0.0
3291.5,145.0,0.0
3291.75,145.5,0.0
3292.0,145.25,0.0
3292.25,145.25,0.0
3292.5,145.25,0.0
3292.75,145.25,0.0
3293.0,145.25,0.0
3293.25,145.5,0.0
3293.5,145.5,0.0
3293.75,145.5,0.5
3294.0,145.75,0.0
3294.25,145.25,0.0
3294.5,145.25,0.0
3294.75,145.0,2.0
3295.0,145.0,2.5
3295.25,144.75,2.0
3295.5,143.5,1.5
3295.75,143.5,1.5
3296.0,143.25,1.0
3296.25,143.25,1.0
3296.5,142.75,1.0
3296.75,142.25,1.0
3297.0,142.25,0.5
3297.25,142.0,1.0
3297.5,142.0,2.5
3297.75,143.0,2.0
3298.0,143.75,1.5
3298.25,143.75,1.5
3298.5,144.5,1.0
3298.75,144.5,1.5
3299.0,145.5,2.0
3299.25,146.5,2.0
3299.5,146.5,2.0
3299.75,147.0,2.0
3300.0,147.0,2.0
3300.25,148.25,2.5
3300.5,149.0,3.5
3300.75,149.0,4.0
3301.0,149.5,4.5
3301.25,149.5,4.0
3301.5,149.5,4.0
3301.75,149.75,3.5
3302.0,149.75,3.5
3302.25,150.0,3.5
3302.5,149.75,3.5
3302.75,149.75,3.5
3303.0,150.0,3.5
3303.25,150.0,3.5
3303.5,150.0,3.5
3303.75,150.0,3.5
3304.0,150.0,3.0
3304.25,150.25,3.5
3304.5,149.75,5.0
3304.75,149.75,6.0
3305.0,150.0,8.5
3305.25,152.0,11.0
3305.5,152.0,13.5
3305.75,152.25,13.0
3306.0,153.5,10.5
3306.25,153.5,10.0
3306.5,152.75,9.5
3306.75,152.75,9.5
3307.0,155.0,10.0
3307.25,156.0,11.5
3307.5,156.0,14.0
3307.75,157.5,16.5
3308.0,158.0,19.0
3308.25,158.0,20.5
3308.5,158.5,22.0
3308.75,158.75,19.0
3309.0,158.75,17.0
3309.25,158.75,16.0
3309.5,159.25,16.0
3309.75,159.25,15.5
3310.0,160.5,16.0
3310.25,161.75,19.0
3310.5,161.75,21.5
3310.75,163.25,23.0
3311.0,163.75,24.0
3311.25,163.75,26.0
3311.5,164.25,29.0
3311.75,162.75,30.5
3312.0,162.75,27.5
3312.25,162.75,25.0
3312.5,162.75,24.0
3312.75,162.75,23.5
3313.0,162.75,23.5
3313.25,163.0,23.5
3313.5,163.0,22.5
3313.75,168.0,22.0
3314.0,168.0,21.0
3314.25,168.5,19.5
3314.5,168.0,19.0
3314.75,168.0,17.0
3315.0,168.25,13.5
3315.25,169.25,12.0
3315.5,169.25,11.0
3315.75,168.25,10.0
3316.0,169.5,9.5
3316.25,169.5,9.5
3316.5,169.5,10.5
3316.75,169.0,11.5
3317.0,169.25,12.0
3317.25,169.25,12.0
3317.5,168.0,11.0
3317.75,169.5,9.5
3318.0,169.5,7.5
3318.25,170.0,7.5
3318.5,170.0,8.0
3318.75,170.0,9.0
3319.0,170.0,10.5
3319.25,169.75,12.0
3319.5,169.75,12.5
3319.75,169.75,12.0
3320.0,169.75,10.0
3320.25,169.5,8.0
3320.5,169.5,7.0
3320.75,169.5,7.0
3321.0,169.25,8.0
3321.25,169.25,9.5
3321.5,169.25,10.5
3321.75,169.25,10.0
3322.0,169.0,8.0
3322.25,168.5,6.5
3322.5,168.5,5.5
3322.75,168.25,5.5
3323.0,168.5,7.5
3323.25,168.5,9.5
3323.5,169.0,10.5
3323.75,168.5,12.5
3324.0,168.5,10.0
3324.25,168.5,8.5
3324.5,168.25,7.5
3324.75,168.25,7.5
3325.0,168.25,7.5
3325.25,168.25,8.0
3325.5,168.0,8.0
3325.75,168.0,8.0
3326.0,168.0,8.0
3326.25,167.5,7.5
3326.5,167.5,7.5
3326.75,167.0,9.0
3327.0,166.5,10.0
3327.25,166.5,11.5
3327.5,166.0,14.0
3327.75,166.25,12.0
3328.0,166.0,10.5
3328.25,166.0,9.5
3328.5,166.25,9.5
3328.75,166.25,9.5
3329.0,166.25,9.5
3329.25,165.75,9.5
3329.5,165.0,9.0
3329.75,165.0,9.5
3330.0,164.0,10.5
3330.25,162.75,11.5
3330.5,162.75,10.5
3330.75,162.0,9.5
3331.0,161.0,8.5
3331.25,161.0,8.0
3331.5,159.5,8.0
3331.75,159.0,8.0
3332.0,159.0,8.0
3332.25,158.25,7.5
3332.5,156.75,7.0
3332.75,156.75,7.0
3333.0,154.0,7.0
3333.25,152.5,7.5
3333.5,152.5,8.5
3333.75,151.75,9.5
3334.0,151.75,9.0
3334.25,152.0,7.5
3334.5,151.0,7.0
3334.75,151.0,7.0
3335.0,149.25,7.5
3335.25,149.25,8.5
3335.5,147.75,9.5
3335.75,146.5,10.0
3336.0,146.5,10.5
3336.25,145.25,8.5
3336.5,145.25,7.0
3336.75,145.0,6.0
3337.0,144.5,5.5
3337.25,144.5,6.0
3337.5,144.0,7.0
3337.75,144.0,8.0
3338.0,143.25,9.0
3338.25,142.0,8.5
3338.5,142.0,7.0
3338.75,141.0,5.5
3339.0,141.0,5.5
3339.25,140.0,5.0
3339.5,141.25,5.0
3339.75,141.25,6.0
3340.0,141.5,7.5
3340.25,141.5,8.5
3340.5,141.25,9.5
3340.75,141.25,8.5
3341.0,141.5,7.0
3341.25,141.5,6.0
3341.5,141.5,5.5
3341.75,142.0,5.5
3342.0,142.0,5.5
3342.25,142.25,6.0
3342.5,142.75,6.5
3342.75,142.75,7.5
3343.0,143.5,8.0
3343.25,144.5,8.0
3343.5,144.5,8.0
3343.75,145.25,6.5
3344.0,145.25,6.0
3344.25,145.25,5.5
3344.5,145.25,5.5
3344.75,145.25,5.5
3345.0,145.5,5.5
3345.25,145.5,5.5
3345.5,144.0,6.0
3345.75,142.5,6.5
3346.0,142.5,6.5
3346.25,141.5,6.5
3346.5,141.5,6.0
3346.75,141.75,5.5
3347.0,141.75,5.0
3347.25,141.75,4.5
3347.5,141.75,4.5
3347.75,141.75,4.0
3348.0,142.0,4.5
3348.25,142.0,5.5
3348.5,142.5,6.0
3348.75,143.5,6.0
3349.0,143.5,5.5
3349.25,143.75,4.0
3349.5,143.75,4.0
3349.75,143.75,3.5
3350.0,143.25,3.5
3350.25,143.25,4.0
3350.5,142.75,4.5
3350.75,142.75,5.5
3351.0,142.0,6.0
3351.25,141.25,5.5
3351.5,141.25,4.0
3351.75,140.75,3.5
3352.0,140.75,3.0
3352.25,140.5,3.0
3352.5,140.5,3.5
3352.75,140.5,4.0
3353.0,140.75,5.0
3353.25,140.75,5.5
3353.5,140.75,5.5
3353.75,140.75,4.0
3354.0,140.75,3.5
3354.25,140.75,3.0
3354.5,140.75,3.0
3354.75,140.75,3.0
3355.0,140.75,3.5
3355.25,140.75,5.0
3355.5,140.75,6.0
3355.75,140.75,7.0
3356.0,141.25,7.5
3356.25,141.25,6.0
3356.5,141.25,5.0
3356.75,141.25,4.5
3357.0,141.0,4.5
3357.25,141.75,4.5
3357.5,141.75,4.5
3357.75,142.0,4.0
3358.0,142.0,3.5
3358.25,142.25,3.5
3358.5,142.75,4.5
3358.75,142.75,5.0
3359.0,143.25,6.0
3359.25,143.25,7.0
3359.5,142.5,8.0
3359.75,142.75,9.0
3360.0,142.75,9.5
3360.25,143.0,10.0
3360.5,143.0,9.5
3360.75,143.0,9.0
3361.0,143.0,8.5
3361.25,143.0,8.5
3361.5,142.0,8.0
3361.75,142.0,7.5
3362.0,141.75,6.5
3362.25,142.0,5.5
3362.5,142.0,4.5
3362.75,142.0,4.0
3363.0,142.0,4.5
3363.25,142.0,5.5
3363.5,142.0,6.0
3363.75,142.5,6.5
3364.0,142.25,7.5
3364.25,142.25,8.5
3364.5,142.25,8.0
3364.75,142.25,7.0
3365.0,142.5,6.5
3365.25,142.25,6.5
3365.5,142.25,6.0
3365.75,142.5,5.5
3366.0,142.5,5.5
3366.25,143.25,5.0
3366.5,143.25,5.0
3366.75,143.25,5.5
3367.0,143.5,6.5
3367.25,143.5,7.0
3367.5,143.75,7.5
3367.75,143.25,8.0
3368.0,143.25,7.5
3368.25,143.0,6.5
3368.5,143.0,6.0
3368.75,142.5,5.5
3369.0,143.0,5.5
3369.25,143.0,5.5
3369.5,143.25,5.0
3369.75,143.25,5.0
3370.0,143.25,4.5
3370.25,143.5,3.5
3370.5,143.5,4.0
3370.75,144.25,5.0
3371.0,144.25,6.0
3371.25,144.75,5.5
3371.5,143.75,4.0
3371.75,143.75,3.0
3372.0,143.5,3.0
3372.25,143.5,2.5
3372.5,143.25,3.0
3372.75,143.5,4.0
3373.0,143.5,5.0
3373.25,143.75,6.0
3373.5,143.75,6.5
3373.75,144.0,7.0
3374.0,142.5,5.5
3374.25,142.5,4.5
3374.5,142.0,4.0
3374.75,142.0,4.5
3375.0,142.0,4.5
3375.25,142.0,4.0
3375.5,142.0,5.5
3375.75,142.75,6.0
3376.0,142.75,7.0
3376.25,142.75,8.0
3376.5,142.75,7.0
3376.75,141.75,5.5
3377.0,141.5,5.0
3377.25,141.5,4.5
3377.5,141.5,4.0
3377.75,141.5,4.0
3378.0,141.5,4.0
3378.25,141.5,5.0
3378.5,141.5,6.0
3378.75,142.0,7.0
3379.0,142.0,7.0
3379.25,142.25,8.0
3379.5,141.0,7.0
3379.75,141.0,6.0
3380.0,140.25,5.5
3380.25,140.25,5.5
3380.5,139.5,5.5
3380.75,139.5,5.5
3381.0,139.25,5.5
3381.25,139.0,6.5
3381.5,139.0,7.0
3381.75,139.0,7.0
3382.0,139.0,6.5
3382.25,138.5,6.5
3382.5,138.5,6.0
3382.75,138.5,6.0
3383.0,138.5,6.5
3383.25,138.5,7.0
3383.5,138.25,7.0
3383.75,138.25,7.0
3384.0,138.5,7.0
3384.25,139.0,7.5
3384.5,139.0,7.5
3384.75,139.25,7.5
3385.0,139.25,7.0
3385.25,139.5,6.5
3385.5,139.5,6.0
3385.75,139.75,5.5
3386.0,140.25,5.0
3386.25,140.25,4.5
3386.5,140.75,4.0
3386.75,140.75,4.0
3387.0,141.5,3.5
3387.25,142.0,3.0
3387.5,142.0,3.0
3387.75,142.25,2.5
3388.0,142.25,2.0
3388.25,142.25,2.0
3388.5,142.25,2.0
3388.75,142.25,2.0
3389.0,142.25,2.5
3389.25,142.25,3.0
3389.5,142.0,3.5
3389.75,142.25,3.5
3390.0,142.25,3.5
3390.25,142.25,3.5
3390.5,142.25,3.0
3390.75,142.5,3.5
3391.0,142.75,3.5
3391.25,142.75,3.5
3391.5,142.75,3.5
3391.75,142.75,3.5
3392.0,142.75,4.0
3392.25,143.25,5.0
3392.5,143.25,6.0
3392.75,143.5,6.0
3393.0,143.5,5.5
3393.25,143.5,5.5
3393.5,143.75,5.5
3393.75,143.75,5.5
3394.0,144.0,5.5
3394.25,144.0,5.5
3394.5,144.0,5.5
3394.75,143.75,5.5
3395.0,143.75,5.0
3395.25,143.25,4.5
3395.5,143.25,4.0
3395.75,143.25,3.5
3396.0,143.25,3.0
3396.25,143.0,2.5
3396.5,142.25,2.0
3396.75,142.25,2.0
3397.0,142.5,1.5
3397.25,142.5,1.0
3397.5,143.25,1.0
3397.75,143.25,0.5
3398.0,143.25,0.5
3398.25,143.75,0.0
3398.5,143.75,0.0
3398.75,144.5,0.0
3399.0,144.75,0.0
3399.25,144.75,0.0
3399.5,145.25,0.5
3399.75,145.5,1.5
3400.0,145.5,2.0
3400.25,146.5,1.5
3400.5,146.5,1.0
3400.75,147.0,1.0
3401.0,147.0,1.0
3401.25,147.0,1.0
3401.5,147.25,1.0
3401.75,147.25,1.0
3402.0,147.0,0.5
3402.25,146.75,0.5
3402.5,146.75,0.0
3402.75,146.5,0.0
3403.0,146.5,0.0
3403.25,146.5,0.0
3403.5,146.25,0.0
3403.75,146.25,0.0
3404.0,146.25,0.0
3404.25,146.0,0.0
3404.5,146.0,0.0
3404.75,146.0,0.0
3405.0,146.0,0.0
3405.25,145.5,0.0
3405.5,145.0,0.0
3405.75,145.0,0.0
3406.0,145.0,0.0
3406.25,145.0,0.0
3406.5,144.75,0.0
3406.75,144.5,1.0
3407.0,144.5,2.0
3407.25,144.5,2.5
3407.5,144.5,3.5
3407.75,144.25,4.0
3408.0,144.75,4.0
3408.25,144.75,3.5
3408.5,144.75,4.0
3408.75,144.75,4.0
3409.0,144.75,4.0
3409.25,144.25,4.0
3409.5,144.25,4.0
3409.75,143.25,4.0
3410.0,143.25,3.5
3410.25,142.0,3.0
3410.5,142.0,3.0
3410.75,141.75,2.5
3411.0,142.0,2.5
3411.25,142.0,2.5
3411.5,142.25,2.0
3411.75,142.25,2.0
3412.0,142.5,2.0
3412.25,142.75,1.5
3412.5,142.75,1.5
3412.75,143.25,1.5
3413.0,143.25,1.0
3413.25,143.5,1.0
3413.5,144.25,1.0
3413.75,144.25,1.0
3414.0,144.5,2.0
3414.25,144.5,3.0
3414.5,144.5,3.0
3414.75,145.0,2.5
3415.0,145.0,2.0
3415.25,145.25,2.0
3415.5,145.25,1.5
3415.75,145.25,2.0
3416.0,145.0,1.5
3416.25,145.0,1.5
3416.5,144.75,1.5
3416.75,144.5,1.0
3417.0,144.5,1.0
3417.25,144.5,0.5
3417.5,144.5,0.0
3417.75,144.25,0.5
3418.0,144.25,1.0
3418.25,143.25,2.0
3418.5,142.25,3.0
3418.75,142.25,3.0
3419.0,142.5,2.5
3419.25,142.5,3.5
3419.5,142.0,3.5
3419.75,142.25,4.0
